123
122
121
120
119
118
117
116
115
114
112
111
110
109
108
107
106
105
104
103
101
100
99
98
97
96
95
94
363
362
361
360
359
358
355
354
353
352
351
350
349
348
347
346
345
344
343
342
341
340
339
338
337
336
335
334
542
541
540
538
537
536
534
533
532
531
529
528
527
526
524
522
519
517
516
515
514
393
391
390
389
388
387
386
385
384
383
382
381
380
378
377
376
375
374
373
372
371
370
369
368
367
366
365
364
33
32
31
30
29
28
27
26
25
24
23
22
21
20
19
18
17
16
15
14
13
12
11
10
9
8
7
6
5
4
513
512
511
510
509
507
505
504
503
502
500
499
498
497
495
494
493
492
491
489
488
487
486
485
484
242
238
235
234
231
228
224
223
222
220
219
218
216
214
63
62
61
60
59
58
57
56
54
53
52
51
50
49
48
45
44
43
42
41
40
39
38
37
36
35
34
423
421
420
419
418
417
416
415
414
413
412
408
405
404
402
401
400
399
398
397
395
394
333
332
331
330
329
328
327
326
325
324
323
322
321
319
318
317
316
314
313
312
310
309
308
307
306
305
304
3
2
1
273
272
271
270
268
267
266
265
264
263
261
259
258
257
255
253
252
250
249
248
247
246
245
244
153
152
151
150
149
148
147
146
145
144
142
141
140
139
138
137
136
135
132
131
130
129
128
127
126
125
124
483
482
480
479
478
477
476
475
474
473
472
471
469
467
465
464
463
462
461
460
459
458
457
456
455
212
211
210
208
207
206
205
204
203
202
199
198
197
196
195
194
192
191
190
189
188
187
186
185
184
453
452
451
450
448
447
446
445
444
443
441
440
439
438
436
435
434
433
432
431
430
429
428
427
426
425
183
182
181
180
179
178
177
176
175
174
173
172
171
170
169
167
166
165
164
163
162
161
160
159
158
157
156
155
303
302
301
300
299
298
296
295
294
293
291
289
288
287
286
285
284
283
282
281
280
279
278
277
276
275
274
573
570
568
567
566
565
564
563
562
561
558
557
556
555
554
553
552
551
550
549
548
547
546
545
544
93
92
91
90
89
88
87
86
85
84
83
82
81
80
78
77
76
72
71
70
69
68
67
66
65
64
