1265
1264
1262
1261
1260
1257
1254
1253
1252
1249
1247
1245
1244
1242
1240
1237
1236
663
662
661
660
659
655
653
652
650
649
647
646
644
641
637
635
513
512
511
510
508
506
504
501
500
497
495
492
491
490
634
629
628
627
626
625
624
623
622
621
620
616
615
613
612
608
607
606
605
244
241
239
238
237
235
234
233
232
231
230
229
227
226
225
224
223
222
221
220
219
218
217
215
1534
1533
1532
1528
1527
1525
1523
1516
1515
1512
1511
1510
1506
304
301
297
294
293
292
291
290
289
288
287
286
285
284
283
282
281
280
277
276
275
454
452
449
447
444
443
442
441
440
439
438
437
436
432
430
429
428
427
363
362
361
360
359
358
357
356
355
354
352
351
350
349
347
346
345
344
343
341
340
339
338
337
336
1655
1654
1653
1651
1649
1646
1645
1644
1643
1642
1641
1640
1639
1638
1636
1635
1633
1632
1627
1626
91
89
87
79
78
77
76
75
74
73
72
71
70
69
68
67
66
65
964
961
959
958
957
956
954
952
946
944
942
940
939
154
151
149
148
147
144
142
139
138
135
133
131
130
126
1292
1289
1286
1283
1279
1278
1277
1276
1273
1271
1270
1269
1268
1267
124
119
118
117
116
115
111
110
106
99
98
97
96
574
573
572
571
570
569
568
564
561
559
558
555
554
553
552
551
550
549
548
933
927
924
916
915
914
908
907
783
780
779
777
773
765
764
762
759
757
691
689
687
684
683
681
680
678
677
676
675
673
672
670
669
668
798
796
792
791
789
785
1355
1354
1353
1352
1348
1346
1345
1344
1343
1341
1340
1339
1338
1337
1336
1335
1333
1332
1331
1330
424
420
418
411
409
407
399
398
1205
1204
1203
1199
1197
1195
1194
1192
1191
1190
1189
1188
1182
1181
1180
1178
1177
1176
1175
1144
1143
1142
1141
1140
1139
1138
1130
1128
1125
1122
1119
1118
1116
1081
1078
1074
1073
1072
1071
1064
1060
1058
1057
1055
1505
1502
1501
1498
1497
1495
1491
1487
1485
1481
394
392
390
387
386
382
381
380
379
378
377
376
375
374
373
372
371
370
369
1324
1323
1322
1321
1320
1317
1314
1313
1310
1308
1307
1305
1302
1301
1299
1298
1297
181
180
179
177
176
175
170
169
168
167
166
165
164
162
159
158
157
155
903
902
901
900
898
895
889
888
887
884
883
881
879
878
875
542
541
540
539
537
536
533
532
531
530
529
528
526
525
521
519
518
333
330
329
328
327
326
325
324
322
321
320
318
317
314
313
311
310
306
994
993
991
990
989
988
984
980
979
976
975
972
967
4
3
2
754
752
751
745
744
743
736
733
730
727
726
725
1109
1108
1099
1094
214
208
207
205
204
200
199
198
197
196
195
193
186
1415
1414
1413
1412
1411
1410
1409
1408
1407
1406
1405
1402
1401
1400
1399
1395
1393
1392
1391
1390
1235
1234
1230
1227
1226
1225
1224
1223
1219
1216
1212
1211
1210
1209
1206
844
843
841
838
836
834
833
832
831
830
829
828
827
826
825
824
823
822
821
820
819
818
817
816
815
274
272
271
270
260
252
250
249
248
1471
1469
1465
1464
1462
1461
1460
1458
1457
1456
1454
1452
1449
64
63
62
61
60
59
58
56
55
53
52
51
50
49
48
47
46
45
44
43
42
41
40
39
38
37
36
35
1565
1563
1556
1555
1552
1550
1548
1546
1545
1544
1543
1541
1539
1537
1536
484
481
480
479
478
475
471
469
464
463
462
461
460
458
457
455
723
722
719
717
716
715
714
713
711
710
709
708
702
701
700
697
696
1621
1620
1619
1618
1612
1609
1608
1607
1602
1601
1600
1598
1596
1595
1590
1589
1587
1585
1581
1579
1573
1572
1569
1566
1023
1021
1016
1013
1010
1008
1005
1004
1003
1001
999
997
995
604
603
602
601
600
599
598
595
594
590
589
588
587
586
585
584
582
580
578
577
576
575
874
873
872
870
868
867
866
864
863
857
855
846
845
1174
1173
1169
1167
1166
1162
1161
1160
1159
1157
1155
1154
1153
1152
1149
1146
1145
1051
1050
1049
1045
1043
1042
1041
1037
1034
1033
1032
1030
34
33
31
30
29
28
27
26
25
24
23
22
21
19
18
17
16
15
14
13
12
11
10
9
8
7
6
5
1445
1442
1436
1431
1429
1428
1427
1425
1424
1423
1421
1419
1383
1381
1380
1379
1378
1377
1376
1375
1374
1373
1372
1371
1370
1369
1368
1367
1366
1365
1364
1363
1362
1361
1360
1358
1357
1356
