14306
14297
14291
14290
14289
14288
14287
14286
14285
14284
14281
14279
14278
16307
16304
16302
16301
16297
16293
16291
16289
17452
17447
17444
17443
17442
17439
17438
17433
18225
18220
18219
18218
18217
13825
13821
13820
13818
13816
13807
13805
13803
13798
15288
15283
15280
15275
15270
15656
15655
15653
15652
15650
15647
15644
15643
15642
15637
15636
15635
15634
15632
15631
15630
15629
15627
18058
18055
18053
18047
18046
18045
18043
18039
18035
18034
18033
14775
14774
14772
14771
14762
14757
12775
12771
12769
12765
12757
12754
12753
12752
15139
15137
15131
15129
15124
15119
14151
14150
14149
14148
14147
14145
14142
14133
14131
14128
17907
17902
17900
17899
17898
17895
17893
17891
17888
17887
17886
17885
17884
17883
17882
17580
17578
17576
17574
17573
17571
17568
17567
17565
17561
17559
15416
15415
15414
15413
15409
15408
15404
15403
15402
15387
15955
15953
15944
15943
15937
15935
15934
15932
15927
14606
14605
14599
14596
14594
14593
14589
14588
14580
14577
17187
17186
17181
17173
17171
17167
17162
15896
15894
15891
15890
15889
15887
15883
15881
15879
15877
15871
15868
12595
12592
12590
12589
12581
12578
12574
12573
12572
12570
12567
17099
17097
17096
17093
17092
17091
17089
17087
17086
17083
17077
17076
14627
14625
14623
14622
14620
14619
14618
14612
14610
13045
13035
13025
13023
13016
17759
17758
17755
17754
17753
17751
17750
17749
17746
17745
17744
17743
17742
17740
17739
15776
15770
15767
15763
15762
15759
15758
15757
15756
15750
15749
15748
13103
13099
13096
13094
13090
13080
12952
12948
12944
12943
12942
12941
12940
12939
12926
16769
16768
16767
16761
16760
16759
16756
16754
16752
16748
16746
16745
16744
16743
16859
16855
16854
16853
16849
16847
16846
16845
16843
16841
16840
16837
16836
16835
16834
13705
13700
13699
13696
13695
13694
13688
13682
13681
13680
13679
13678
13677
13676
15713
15710
15709
15708
15707
15706
15703
15698
15697
15696
15695
15694
15693
15691
15688
15682
15680
15679
15678
15675
15674
15672
15670
15669
15665
15663
15661
15658
15657
17307
17305
17304
17303
17299
17293
17292
17291
13075
13074
13072
13070
13068
13060
13054
13053
13050
13047
13046
12985
12984
12983
12982
12970
12969
12968
12967
12966
12965
12963
12962
12960
15566
15565
15564
15562
15557
15551
15544
15542
15540
15538
15537
18334
18332
18331
18329
18328
18326
18325
18323
18321
18320
18319
18318
18316
18315
18314
18308
18306
15506
15504
15503
15502
15501
15499
15495
15494
15489
18179
18178
18177
18176
18174
18173
18172
18170
18168
18163
18162
18161
18160
18158
18157
18156
18155
17667
17665
17663
17654
17652
17650
17649
17644
17643
17642
16103
16102
16100
16098
16088
16087
16086
16085
16083
16078
13341
13334
13322
13320
13319
15806
15805
15803
15802
15800
15799
15798
15796
15793
15791
15789
15787
15786
15785
15783
15782
15781
15780
15779
14842
14841
14840
14837
14835
14831
14830
14829
14827
14826
14825
14824
14821
14819
16378
16375
16373
16367
16365
16364
16363
16362
16361
16356
16355
16354
16349
14182
14181
14179
14178
14176
14165
14160
17490
17488
17486
17484
17482
17480
17478
17475
17474
17473
17471
17470
17467
17464
17463
17462
16012
16005
16004
16003
18207
18205
18202
18201
18199
18198
18195
18194
18193
18191
18190
18188
18187
18186
18185
18184
17429
17428
17427
17426
17424
17423
17422
17421
17419
17418
17417
17416
17415
17413
17412
17411
17408
17406
17405
17403
17402
18001
18000
17997
17996
17994
17993
17992
17991
17989
17988
17987
17986
17985
17983
17982
17981
17980
17977
17975
17973
17972
15833
15830
15829
15828
15826
15824
15823
15820
15815
15813
15812
15809
15808
16163
16161
16158
16157
16156
16155
16153
16152
16150
16149
16144
16139
16138
14962
14961
14960
14959
14957
14956
14955
14954
14948
14946
14938
15026
15024
15021
15020
15019
15017
15010
15008
15007
15006
15005
15000
14999
14998
14215
14212
14208
14206
14202
14201
14199
14192
14188
14187
18305
18304
18303
18302
18298
18296
18295
18293
18291
18288
18287
18286
18285
18280
18277
14456
14455
14452
14450
14449
14444
14442
14440
14439
14437
14436
14434
14431
14428
15862
15860
15851
15845
15841
17277
17273
17272
17271
17269
17268
17267
17266
17265
17263
17262
17260
17257
17256
17255
17252
17251
13405
13404
13402
13400
13396
13395
13394
13392
13391
13390
13389
13386
13385
13384
14936
14916
14913
14911
14910
14909
12621
12616
12608
12605
12596
18265
18261
18249
18248
18246
16438
16437
16432
16429
16426
16414
16197
16192
16188
16187
16185
16181
16179
16176
16170
16169
16168
13729
13724
13720
13719
13715
13714
13713
13712
14365
14357
14356
14355
14353
14352
14349
14347
14345
14341
14339
16046
16045
16043
16038
16037
16033
16032
16030
16029
16028
16026
16023
16020
14065
14059
14057
14050
14048
14038
14037
15593
15592
15588
15587
15577
15573
15572
15571
15624
15621
15616
15614
15613
15608
15604
15602
15597
13973
13972
13964
13963
13959
13958
13956
13955
13952
13951
14092
14085
14081
14077
14076
14071
14070
14069
14067
17128
17126
17124
17123
17121
17120
17119
17116
17114
17108
17107
17102
14125
14124
14122
14121
14120
14119
14117
14116
14114
14113
14112
14111
14110
14101
13165
13158
13156
13155
13150
13148
13147
13143
13142
13140
13139
13136
15536
15532
15526
15525
15524
15523
15521
15520
15519
17640
17639
17636
17635
17631
17623
17621
17619
17617
17616
17615
17614
17613
17611
13135
13134
13124
13123
13109
12470
12468
12464
12459
12458
12457
12451
12448
12447
16710
16709
16705
16704
16696
16693
16687
16685
16682
16681
16999
16992
12834
12822
12820
12811
13435
13434
13432
13431
13429
13420
13417
12439
12436
12435
12431
12430
12426
12422
12416
15441
15439
15437
15436
15433
15432
15431
15426
15423
15420
15419
15418
15417
13461
13458
13454
13453
13450
13439
13438
13436
14812
14796
14575
14564
14561
14554
14550
14549
16135
16134
16132
16131
16130
16129
16125
16124
16116
16115
16113
16110
16109
14425
14424
14422
14418
14416
14413
14411
14407
14406
14401
14400
14398
14397
16740
16738
16737
16735
16733
16732
16731
16730
16729
16726
16725
16722
16721
16720
16719
16718
16715
16714
16713
13791
13783
13777
13773
13772
13771
13768
13767
13855
13846
13844
13838
13837
13834
13831
13829
17608
17605
17603
17602
17601
17599
17598
17595
17591
17588
17585
17584
17582
17581
16680
16678
16674
16670
16669
16668
16667
16664
16663
16661
16654
16653
16652
16651
17940
17939
17936
17935
17928
17927
17926
17924
17922
17920
17917
17916
17915
17914
14991
14989
14987
14985
14984
14982
14981
14976
14973
14972
14969
14968
14714
14711
14706
14705
14703
14700
14486
14482
14477
14473
14466
14465
14464
14463
14462
14461
14460
13195
13193
13188
13182
13177
13174
13170
13166
15056
15054
15052
15049
15046
15044
15043
15042
15038
15036
15035
15034
15031
15028
16945
16943
16941
16939
16938
16930
16928
16924
16921
16800
16799
16798
16795
16793
16787
16786
16784
16782
16779
16775
14906
14903
14898
14897
14896
14894
14893
14892
14884
14879
14877
13224
13222
13221
13219
13216
13207
13205
13204
13203
13202
13200
13199
12655
12653
12652
12650
12645
12642
12638
12632
12628
12626
12895
12892
12887
12882
12876
12873
12869
12866
13885
13878
13876
13871
15746
15745
15742
15741
15739
15738
15736
15733
15730
15717
16976
16975
16973
16960
16959
16957
16952
17515
17514
17508
17506
17503
17497
17494
16074
16073
16072
16068
16063
16056
16049
13916
13915
13912
13910
13908
13904
13901
13898
13896
13894
13891
13889
17821
17819
17818
17816
17811
17810
17808
17806
17804
17803
17801
17800
17799
17798
17797
17795
17794
17793
17792
14516
14510
14506
14504
14501
14500
14492
14490
16227
16225
16224
16220
16217
16215
16199
16198
16829
16826
16820
16817
16814
16811
16804
15386
15385
15384
15382
15378
15372
15370
15368
15367
15365
15363
15360
15359
15357
14546
14545
14539
14538
14533
14531
14529
14523
14522
14520
14519
14517
13525
13524
13523
13522
13521
13517
13516
13515
13514
13513
13512
13509
13507
13503
16527
16526
16523
16520
16518
16512
16511
16510
16508
16507
16506
16505
16502
15469
15468
15464
15463
15457
15456
15449
17250
17249
17246
17245
17244
17240
17239
17238
17237
17234
17229
17228
17226
12743
12734
12733
12724
17070
17069
17068
17066
17064
17063
17062
17060
17059
17055
17054
17053
17052
17047
17046
17045
17044
17043
18123
18121
18120
18119
18118
18116
18113
18110
18109
18105
18104
18101
18099
18096
18095
18094
12712
12706
12705
12704
12699
12694
12692
12691
12688
12687
12686
13374
13362
13358
13351
13350
13675
13674
13672
13671
13670
13669
13668
13667
13666
13664
13658
13657
13656
13654
13651
13648
15086
15084
15082
15079
15078
15077
15076
15075
15073
15072
15062
15059
14036
14035
14034
14031
14025
14021
14020
14019
14017
14013
14011
14010
14009
13552
13551
13548
13547
13545
13544
13543
13538
13536
13534
13526
14756
14754
14749
14741
14738
14737
14732
14731
14730
18152
18151
18140
18139
18138
18137
18133
18131
18130
18128
18127
18125
17039
17037
17036
17035
17034
17032
17031
17030
17029
17022
17021
17019
17018
17017
15258
15257
15256
15253
15250
15249
15247
15243
17700
17694
17690
17688
17687
17685
17683
17682
17681
17678
14876
14874
14871
14864
14863
14862
14861
14859
14858
14856
14855
14851
14693
14685
14682
14679
14678
14677
14675
17151
17150
17149
17148
17142
17134
17131
16276
16271
16267
15176
15173
15172
15155
15154
15147
16559
16550
16549
16547
16545
16544
16543
16541
16535
16531
15354
15350
15345
15338
15331
15330
15329
15327
16469
16467
16465
16464
16463
16462
16460
16459
16455
16453
16450
16449
16448
16447
16446
16443
16441
13943
13933
13932
13929
13928
13926
13924
13920
13919
12803
12796
12795
12794
12792
12787
12784
17336
17327
17326
17325
17315
14002
14001
14000
13998
13994
13993
13989
13984
13983
13981
13977
17969
17967
17966
17965
17964
17963
17962
17955
17954
17953
17949
17948
17946
17945
17944
17942
16912
16900
16899
16894
16893
16892
17730
17729
17728
17724
17723
17718
17717
17715
17714
17713
17711
17710
17709
17707
17704
17702
12505
12494
12493
12491
12489
12486
12483
12479
18093
18092
18090
18089
18088
18078
18076
18073
18072
18071
18070
18068
14335
14332
14329
14326
14325
14323
14322
14316
14309
14307
16650
16648
16647
16646
16644
16643
16639
16638
16635
16634
16633
16628
16627
16626
16625
16624
16623
16622
16621
17791
17790
17789
17788
17784
17782
17777
17776
17774
17773
17770
17769
17767
17766
17764
17763
13304
13299
13583
13582
13581
13575
13570
13568
13564
13562
13560
14245
14242
14234
14233
14231
14229
14225
14223
14221
14220
14217
12859
12857
12847
12837
13009
13008
13004
13003
12997
12996
12994
12986
13494
13492
13482
13481
13477
13476
13475
13474
13472
13470
13468
14392
14390
14389
14387
14386
14384
14383
14382
14381
14380
14378
14376
14375
14374
14370
14369
14367
15325
15324
15323
15322
15321
15320
15318
15313
15312
15310
15309
15308
15307
15305
15297
17370
17369
17360
17357
17356
17355
17353
17352
17348
17347
17346
17345
17343
12925
12920
12918
12913
12907
12906
12905
12904
12903
12902
12897
16492
16490
16488
16485
16483
16481
16480
16479
16477
16474
16473
16472
16471
15115
15111
15110
15107
15106
15104
15100
15098
15093
15090
17541
17540
17539
17538
17536
17530
17521
16408
16407
16404
16400
16399
16393
16389
16388
16387
16386
16382
16381
12685
12681
12673
12672
12668
12666
12665
12657
16619
16618
16617
16616
16614
16611
16610
16608
16607
16606
16603
16602
16601
16593
17851
17850
17847
17843
17842
17839
17837
17835
17827
14664
14658
14649
14647
14646
18026
18024
18022
18020
18019
18018
18016
18012
18011
18010
18008
18006
18005
18004
18003
13615
13613
13611
13610
13609
13606
13605
13604
13597
13591
13588
15206
15199
15193
15184
15182
16890
16889
16888
16887
16886
16876
16873
16872
16871
16870
16866
16865
16864
16863
16862
13254
13252
13248
13244
13241
13237
13236
13235
13231
13228
13226
12563
12554
12551
12549
12548
12546
12544
12543
12536
16348
16344
16336
16334
16327
16323
16322
12531
12530
12528
12527
12524
12522
12521
12519
12518
12517
12516
12515
12513
12512
12506
15981
15978
15972
15969
15968
15965
15234
15233
15232
15230
15221
15219
15216
15214
15212
15211
15210
15208
17214
17213
17210
17204
17200
17199
17196
17193
17191
13766
13763
13762
13761
13759
13758
13757
13756
13752
13751
13750
13747
13743
13742
13741
13739
13738
13737
17397
17395
17394
17390
17388
17387
17386
17380
17378
17377
17376
17374
17373
17372
17371
13645
13644
13642
13641
13638
13637
13633
13623
13621
13620
13618
13616
12414
12413
12411
12410
12409
12408
12407
12406
12405
12404
12402
16255
16254
16251
16244
16231
16229
15926
15923
15917
15909
15904
15901
15898
17881
17880
17879
17878
17877
17876
17874
17873
17871
17869
17868
17867
17866
17865
17864
17860
17859
17858
17855
17854
17853
13285
13282
13278
16590
16589
16587
16583
16582
16581
16577
16575
16571
16570
16568
16565
16564
16561
14276
14275
14274
14268
14267
14266
14259
14258
14251
14250
14249
14247
