97
96
95
94
93
92
91
90
89
87
86
85
84
83
82
81
80
79
78
77
76
74
73
72
71
70
69
68
307
306
305
304
302
301
300
299
298
297
296
295
294
293
292
291
290
289
288
287
286
285
284
283
282
280
279
278
217
215
214
213
212
211
210
209
208
207
206
205
204
203
202
201
200
199
198
197
193
192
191
189
186
185
178
177
176
175
174
172
171
170
165
157
156
155
154
153
152
151
150
149
148
147
146
145
143
142
141
140
139
138
137
136
135
134
132
130
129
128
67
66
65
64
63
62
61
60
59
58
57
56
55
52
51
49
48
47
46
45
44
43
42
41
40
247
242
240
238
237
236
235
234
232
231
227
226
225
224
220
219
277
276
275
272
269
266
262
261
260
258
255
254
253
251
250
249
248
127
126
125
124
123
122
121
120
119
118
117
116
115
114
113
112
111
110
109
108
107
106
105
104
103
102
101
100
99
98
