37
36
33
31
30
29
28
26
25
22
21
20
19
18
17
16
15
14
13
11
10
9
8
157
156
154
153
152
151
150
149
143
141
138
137
134
132
131
130
129
187
185
184
183
182
179
176
175
174
173
170
169
167
165
164
163
162
161
160
158
7
6
5
4
3
2
1
215
212
211
209
207
204
203
202
201
200
199
198
197
196
195
194
190
189
188
126
125
124
122
121
120
118
115
114
113
112
111
106
104
103
102
101
66
64
63
61
60
56
54
51
50
48
47
46
45
44
43
42
40
39
38
96
95
94
93
92
91
90
89
88
87
83
82
81
80
78
76
74
72
71
68
245
244
242
241
240
235
234
233
228
227
221
220
218
