462
461
460
459
458
457
456
455
453
452
451
450
448
447
446
445
444
443
442
441
440
439
437
436
435
433
252
250
249
248
247
246
245
244
243
240
239
238
237
235
234
232
231
230
228
227
225
224
223
371
368
367
363
362
361
360
359
358
356
355
354
351
350
349
348
347
346
672
671
670
669
668
667
665
664
663
660
659
658
657
656
655
652
651
650
649
648
647
646
645
644
432
431
430
429
428
427
426
425
424
423
422
421
420
419
418
417
416
415
414
413
411
410
407
405
404
403
732
731
730
729
727
726
725
724
723
722
721
719
718
717
716
715
714
713
711
710
707
706
705
704
703
102
101
99
98
97
96
95
94
93
92
91
90
89
88
87
86
85
83
82
81
79
76
75
74
73
942
940
939
938
937
936
934
933
930
929
927
924
923
922
920
919
918
915
914
913
341
340
339
338
337
335
333
332
331
330
329
328
327
326
324
317
316
314
1002
1001
1000
999
997
996
995
994
993
992
991
990
989
988
986
985
984
983
982
981
980
979
978
977
975
974
973
282
280
279
278
276
275
274
273
270
269
267
266
265
264
263
262
261
260
259
258
257
256
255
254
253
582
581
580
579
578
576
575
573
572
571
570
569
568
566
563
562
560
559
557
556
555
553
552
551
550
549
547
546
545
544
543
542
541
539
538
536
534
533
532
530
529
528
526
525
524
523
792
790
789
788
786
785
784
783
782
781
778
777
775
774
773
772
769
768
766
765
192
191
190
188
186
185
184
183
182
181
180
179
178
177
175
174
173
172
171
170
169
167
166
165
164
163
312
311
308
305
303
301
300
299
297
296
295
294
293
292
291
290
289
288
287
286
285
284
851
850
849
848
847
846
845
844
843
842
841
840
839
838
837
836
835
834
833
831
830
829
828
827
826
824
823
522
519
518
517
516
515
513
511
510
509
507
506
505
504
501
500
499
498
497
495
494
493
162
157
156
155
154
153
152
150
146
145
144
143
142
141
140
139
136
135
134
133
42
41
40
37
36
35
34
33
32
31
30
29
28
27
26
25
24
23
22
21
20
19
18
17
16
15
14
13
492
491
489
487
486
484
483
482
481
480
479
478
477
476
475
474
473
472
471
470
469
468
467
465
464
612
610
608
607
604
602
601
600
599
598
597
596
590
589
586
585
584
583
762
761
759
758
757
755
753
752
751
750
749
748
747
746
745
744
743
742
741
740
739
737
735
734
402
401
400
399
398
397
396
395
393
392
391
387
385
384
383
380
379
378
377
376
375
374
373
702
701
700
699
697
696
695
694
693
692
690
688
686
684
681
680
679
678
676
675
220
219
218
216
214
213
211
210
208
207
206
205
204
203
201
200
199
197
196
195
193
132
131
130
129
128
126
125
123
122
121
120
119
118
117
116
115
114
113
112
111
110
108
107
106
105
104
72
70
69
68
67
66
65
63
62
59
58
57
56
54
53
52
51
50
49
48
46
44
43
912
911
910
909
908
907
906
904
903
902
901
899
898
897
896
895
894
893
892
891
890
889
887
886
885
884
883
821
820
819
818
817
815
814
813
812
810
809
808
807
806
805
804
803
802
799
798
795
794
793
641
639
637
636
635
633
632
631
630
626
621
619
616
615
614
12
11
10
9
8
7
6
5
4
3
2
1
972
971
969
968
967
966
965
964
962
961
956
954
953
952
951
950
949
948
947
945
944
943
