1759
1758
1757
1753
1752
1748
1747
1746
1745
1744
1741
1740
1739
1738
1733
258
257
256
254
252
245
244
242
233
232
231
230
228
226
225
224
214
213
210
209
206
204
202
1792
1791
1789
1788
1783
1781
1775
141
138
136
134
132
130
128
126
124
122
120
118
116
114
1793
347
335
331
330
439
438
437
428
426
418
413
412
709
707
704
702
700
696
695
694
692
691
686
684
683
1219
1211
1210
1209
1208
1207
1205
1197
1195
1194
1193
1192
381
379
377
369
367
365
359
357
356
2061
2058
2053
2050
2044
2039
2038
2033
1702
1701
1700
1699
1698
1696
1694
1689
1680
1679
607
599
595
471
469
468
467
459
458
451
448
799
798
790
787
785
784
783
782
778
777
774
1844
1842
1837
1833
1832
1827
1826
1825
1823
976
972
968
966
964
957
956
953
952
853
851
844
841
837
836
832
79
78
75
74
73
72
66
64
62
60
58
56
54
1666
1665
1664
1656
1655
1651
1650
1649
1648
1646
290
289
288
282
281
279
277
276
275
263
262
1572
1565
1564
1563
1562
1561
1557
950
949
948
946
945
943
942
941
498
493
485
484
479
474
473
472
1458
1456
1455
1450
1449
1448
1437
201
199
198
197
196
194
193
190
189
183
181
180
174
172
1393
1389
1384
311
309
308
305
303
301
297
296
295
294
292
644
643
642
637
627
626
625
624
623
770
767
765
764
762
757
751
748
745
743
1638
1635
1633
1630
1626
1624
1619
1618
1131
1127
1126
1125
1120
1117
1112
1106
1491
1489
1487
1486
1485
1483
1482
1479
1476
1468
1467
1465
1462
1999
1998
1997
1996
1995
1985
1975
1941
1940
1936
1927
1924
1918
1917
1914
1913
1912
1911
1910
1909
1906
1905
1893
1892
1884
1191
1181
1179
1177
1174
1172
1168
1166
1163
1162
831
830
828
826
825
824
823
822
821
816
814
809
806
805
804
803
802
1009
1008
987
1251
1250
1248
1247
1237
1235
1233
1232
1228
1222
588
587
585
576
575
572
1881
1880
1875
1873
1872
1871
1870
1869
1867
1866
1865
1864
1863
1862
1861
1860
1853
1368
1367
1364
1360
1359
1349
1347
1345
1041
1039
1034
1028
1023
1016
1015
1101
1099
1098
1097
1094
1082
1079
1073
1521
1515
1514
1503
1501
1499
1498
1495
1494
1493
1610
1606
1601
1600
1592
1588
1311
1306
1304
1302
1300
1296
1293
1292
1291
1289
1287
1285
1284
530
527
525
514
512
510
507
18
17
15
14
13
12
10
8
7
4
3
2
1
1429
1427
1422
1420
1417
1415
1412
1408
1405
882
881
876
873
872
866
865
864
741
740
736
734
733
730
728
727
725
720
716
713
1280
1277
1276
1275
1274
1273
1272
1271
1267
1266
1265
1262
1261
1260
1257
1256
1254
2032
2029
2013
2012
2006
2005
411
401
400
399
398
397
396
395
393
391
390
389
1546
1544
1543
1537
1524
111
110
108
106
105
104
103
102
101
100
99
98
96
94
90
88
87
86
85
84
83
82
680
679
678
677
673
667
663
660
657
656
655
654
653
1969
1967
1966
1965
1964
1962
1960
1954
1951
1948
1947
1946
1945
1943
50
48
47
46
45
36
33
32
31
30
28
23
22
1071
1070
1069
1068
1066
1062
1060
1058
1057
1053
1052
1051
1050
1045
1044
1043
1042
1160
1155
1154
1152
1151
1150
1144
1136
1135
1134
1132
2085
2084
2079
2073
2071
918
916
915
914
913
912
907
906
905
1731
1729
1728
1727
1724
1723
1722
1721
1712
1709
1708
1707
1704
1703
170
169
168
166
165
164
163
162
161
159
157
155
154
152
150
149
147
146
145
143
1340
1338
1337
1335
1329
1318
1315
1314
1312
