302
298
296
295
294
293
288
285
282
281
280
279
276
272
268
266
264
263
262
255
253
251
243
392
386
385
384
382
381
380
379
377
374
368
367
366
365
31
26
23
22
21
20
19
18
17
16
13
12
11
10
7
117
116
114
105
104
102
100
97
95
2
1
152
151
150
149
148
147
146
143
142
140
139
138
137
136
135
129
128
127
125
329
328
327
324
322
321
318
317
316
315
310
309
306
305
304
92
89
88
81
79
77
76
69
67
66
64
360
357
356
354
352
351
350
349
348
346
345
344
343
342
339
338
337
334
241
238
230
229
228
227
226
225
223
218
217
215
214
212
210
208
204
203
201
198
196
192
190
187
185
176
174
171
168
166
163
162
155
153
56
55
54
53
47
46
45
44
43
42
41
40
37
36
