7535
7531
7530
7529
7523
7521
7520
7518
7516
7512
7511
7507
4386
4385
4384
4383
4378
4374
4372
4371
4370
4368
4367
4366
4363
4362
4361
4357
1296
1295
1294
1293
1292
1291
1290
1289
1288
1287
1286
1285
1284
1283
1282
1278
1277
1276
1275
1274
1273
1272
1270
1269
1268
1267
36
35
33
31
29
28
27
26
25
22
21
20
19
18
16
15
14
12
10
9
8
2255
2254
2253
2252
2249
2247
2246
2245
2244
2243
2242
2241
2240
2238
2237
2236
2235
2234
2233
2232
2231
2230
2229
2228
1956
1955
1954
1953
1952
1950
1948
1947
1946
1945
1944
1942
1941
1940
1939
1938
1937
1936
1935
1934
1933
1930
1929
1928
8494
8493
8492
8491
8490
8489
8487
8486
8485
8483
8482
8481
8480
8479
8478
8477
8476
8475
8472
8471
8470
8468
8467
6996
6992
6990
6987
6984
6983
6982
6980
6979
6977
6975
6974
6973
6972
6970
6969
6967
2856
2855
2852
2851
2848
2845
2844
2843
2839
2836
2834
2832
2828
2916
2915
2914
2913
2911
2902
2901
2897
2896
2893
2892
2887
216
215
214
213
210
209
208
205
204
201
200
199
197
196
193
191
11440
11439
11438
11436
11433
11430
11429
11426
11425
11423
11419
11417
11416
11415
11414
11413
11411
5466
5465
5464
5461
5459
5458
5457
5456
5454
5453
5452
5451
5450
5448
5446
5444
5442
5441
5440
9128
9127
9126
9123
9122
9120
9118
9116
9114
9111
9110
9108
9107
9106
9105
9103
9098
9097
11348
11347
11344
11341
11340
11336
11335
11334
11333
11321
9667
9664
9663
9662
9661
9659
9657
9656
9654
9653
9651
9650
9649
9647
9646
9645
9644
9643
9641
4656
4655
4653
4651
4648
4647
4646
4645
4643
4642
4641
4640
4637
4636
4634
4633
4632
4630
4629
4628
10869
10867
10866
10859
10857
10855
10852
10851
10850
10849
10847
10845
10843
10842
4686
4685
4684
4683
4682
4681
4680
4679
4678
4677
4676
4675
4674
4673
4672
4671
4670
4669
4668
4667
4665
4664
4663
4662
4661
4660
4658
4657
4954
4953
4951
4947
4945
4944
4941
4940
4939
4938
4937
4935
4930
4928
4927
1506
1505
1503
1500
1499
1498
1497
1496
1492
1490
1489
1488
1486
1485
1484
1483
1482
1481
1479
1478
1477
4236
4235
4233
4232
4230
4229
4228
4227
4226
4225
4224
4222
4221
4220
4219
4217
4215
4214
4213
4210
4209
4208
666
665
664
663
662
660
657
656
655
654
653
652
651
650
649
648
647
646
645
644
640
638
9188
9187
9186
9185
9184
9183
9182
9181
9180
9179
9171
9170
9169
9168
9166
9161
9159
3306
3305
3301
3299
3298
3296
3295
3294
3292
3290
3287
3286
3285
3284
3283
3281
996
995
994
991
989
988
983
982
979
978
977
976
974
973
972
971
970
969
968
967
10208
10207
10204
10203
10201
10200
10197
10196
10195
10189
10188
10187
10186
10185
10184
10183
10182
10181
10180
1205
1202
1201
1200
1199
1198
1197
1196
1195
1194
1193
1192
1191
1190
1189
1187
1186
1185
1183
1182
1180
1178
1177
6216
6215
6214
6213
6212
6211
6210
6208
6207
6206
6205
6204
6203
6202
6201
6199
6196
6195
6194
6193
6192
6191
6189
2766
2765
2763
2762
2761
2760
2759
2758
2757
2755
2754
2753
2751
2750
2746
2745
2744
2743
2742
2740
2739
2738
1056
1055
1054
1053
1052
1051
1050
1049
1047
1046
1045
1044
1043
1041
1040
1039
1038
1037
1036
1034
1033
1032
1031
1030
1029
1028
1027
4566
4565
4564
4562
4558
4556
4555
4554
4552
4546
4545
4537
3066
3064
3063
3062
3060
3059
3057
3056
3054
3046
3042
3041
3040
3037
2643
2641
2637
2634
2633
2628
2627
2624
2623
2622
2621
2620
2618
8226
8225
8224
8222
8221
8220
8212
8210
8207
8206
8205
8201
8197
10509
10504
10503
10502
10501
10500
10499
10498
10497
10496
10495
10494
10491
10489
10488
10486
10485
10480
4985
4984
4983
4981
4978
4975
4973
4965
4963
4962
4959
7236
7235
7234
7232
7231
7228
7227
7226
7224
7223
7222
7220
7218
7216
7215
7214
7213
7212
7211
7210
7209
7208
3966
3965
3964
3963
3962
3961
3960
3957
3954
3953
3950
3948
3947
3946
3945
3944
3943
3942
3941
3940
3938
3937
8345
8344
8335
8334
8331
8330
8328
8325
8324
8323
8322
8318
3096
3095
3094
3093
3092
3091
3088
3087
3086
3085
3084
3082
3081
3079
3077
3072
3070
3069
3068
3067
6905
6903
6902
6900
6899
6893
6892
6891
6889
6888
6886
6885
6880
6879
6878
2826
2821
2819
2816
2811
2810
2809
2807
2806
2805
2804
2803
2801
2800
2797
1686
1685
1684
1683
1682
1681
1680
1679
1678
1677
1676
1675
1674
1673
1672
1671
1670
1669
1668
1666
1665
1664
1663
1661
1660
1659
1658
1657
4716
4715
4714
4712
4711
4710
4709
4708
4705
4704
4703
4702
4697
4696
4695
4689
3815
3813
3811
3810
3808
3807
3806
3805
3803
3802
3801
3800
3798
3796
3794
3793
3792
3791
3789
3788
3787
126
125
122
121
120
119
117
114
113
112
108
106
105
103
102
101
100
99
98
97
6635
6633
6632
6631
6630
6629
6628
6626
6625
6624
6622
6621
6620
6619
6618
6612
6611
6610
6609
10898
10893
10886
10884
10881
10880
10878
10876
10875
10873
10872
10870
7865
7861
7860
7859
7853
7850
7847
7846
7845
7844
7843
7840
7839
7838
7837
9818
9816
9815
9813
9811
9810
9806
9805
9803
9801
9800
9799
9798
9797
9793
9792
9789
9488
9487
9483
9480
9479
9478
9477
9475
9474
9472
9467
9466
9464
9460
9459
10329
10328
10325
10324
10323
10321
10320
10316
10314
10313
10311
10310
10308
10304
10302
10301
10149
10147
10146
10145
10144
10138
10137
10135
10132
10131
10130
10129
10128
10122
10120
1896
1895
1894
1893
1892
1891
1888
1887
1886
1885
1884
1883
1882
1877
1874
1873
1872
1871
1870
1869
1868
1867
5346
5343
5342
5341
5339
5337
5332
5331
5330
5329
5327
5324
5323
5322
5320
5318
5317
11619
11616
11615
11614
11613
11609
11608
11606
11605
11604
11602
11601
11596
11595
11594
11593
11591
9398
9397
9395
9392
9390
9389
9387
9386
9382
9380
9377
9376
9375
9374
9373
9372
9371
6603
6602
6601
6599
6598
6597
6596
6595
6594
6593
6591
6590
6589
6587
6586
6585
6583
6582
6580
6579
6578
6577
9756
9753
9750
9747
9744
9740
9739
9738
9737
9736
9735
9733
9732
9729
9066
9065
9064
9063
9062
9059
9057
9056
9054
9053
9052
9048
9047
9046
9045
9044
9043
9042
9040
9039
9037
7745
7741
7739
7738
7736
7735
7734
7732
7730
7729
7728
7727
7726
7725
7724
7720
7718
11861
11860
11857
11856
11855
11852
11851
11850
11848
11844
11841
11839
11836
11835
11834
11833
11832
3696
3690
3687
3686
3685
3683
3682
3681
3679
3678
3677
3676
3675
3674
3673
3672
3671
3670
3668
3667
5916
5914
5912
5911
5910
5908
5907
5906
5904
5903
5901
5899
5897
5896
5895
5891
5890
5889
5888
5887
816
814
813
812
808
807
806
805
804
803
802
799
796
795
794
793
791
789
788
2885
2884
2880
2879
2874
2869
2867
2866
2864
2863
2860
2858
2857
516
515
511
507
502
501
500
499
495
494
493
492
489
487
10719
10718
10717
10715
10713
10712
10711
10710
10708
10707
10706
10703
10702
10700
10698
10697
10696
10695
10694
9368
9367
9365
9363
9362
9359
9358
9354
9346
9343
9340
9339
3456
3455
3453
3452
3451
3448
3446
3444
3443
3442
3439
3438
3430
3429
3427
11109
11104
11099
11096
11095
11094
11093
11092
11091
11087
11080
10539
10537
10535
10534
10533
10532
10529
10528
10526
10522
10517
10516
10515
10513
10511
6576
6572
6571
6570
6567
6566
6565
6562
6561
6560
6558
6556
6555
6550
6547
11801
11800
11799
11798
11797
11795
11788
11787
11785
11784
11779
11777
11772
11771
7114
7108
7106
7105
7104
7103
7102
7099
7098
7097
7096
7095
7094
7092
7091
7090
7089
7088
7087
9638
9637
9636
9635
9632
9631
9630
9628
9625
9624
9623
9618
9616
9615
9614
9612
9610
9609
10269
10268
10267
10266
10263
10262
10259
10256
10255
10253
10251
10250
10249
10248
10245
10244
10243
10242
10241
10389
10388
10387
10384
10379
10375
10374
10372
10370
10369
10364
10363
10360
9096
9091
9087
9086
9084
9080
9079
9078
9077
9076
9075
9074
9073
9071
9069
9068
9067
8373
8372
8371
8368
8367
8366
8365
8364
8363
8361
8357
8354
8353
8347
5436
5435
5433
5432
5428
5427
5426
5425
5424
5423
5422
5420
5418
5417
5414
5411
5410
5409
2974
2972
2971
2970
2967
2966
2965
2964
2962
2961
2960
2959
2958
2957
2952
2949
2948
2947
3366
3365
3362
3361
3357
3355
3354
3353
3352
3350
3349
3348
3347
3344
3342
3341
3340
3337
3936
3935
3933
3929
3926
3925
3924
3923
3921
3918
3917
3916
3915
3913
3912
3911
3909
3908
1866
1865
1864
1863
1862
1861
1860
1859
1858
1857
1856
1855
1854
1853
1850
1849
1848
1847
1843
1842
1840
1839
1838
1837
3245
3244
3243
3240
3238
3237
3235
3234
3232
3231
3229
3228
3227
3226
3225
3224
3223
3222
3221
3220
3218
6456
6455
6454
6453
6452
6451
6450
6449
6448
6445
6444
6443
6441
6440
6437
6435
6434
6433
6430
1355
1354
1353
1351
1350
1349
1348
1347
1344
1343
1342
1341
1340
1338
1337
1335
1334
1333
1332
1329
1328
4625
4623
4622
4620
4619
4618
4617
4616
4614
4611
4610
4609
4608
4607
4606
4605
4601
4600
4599
10440
10434
10432
10431
10429
10425
10424
10423
10421
10420
6035
6034
6033
6032
6031
6030
6029
6028
6027
6025
6023
6022
6020
6019
6018
6017
6016
6015
6014
6013
6012
6011
6010
6008
6007
4896
4894
4893
4892
4890
4887
4886
4885
4884
4882
4881
4880
4879
4878
4877
4875
4873
4872
4870
4869
7624
7623
7622
7620
7619
7618
7617
7616
7615
7614
7613
7612
7609
7608
7607
7606
7605
7603
7602
7601
7599
7598
7597
3666
3665
3664
3663
3662
3661
3659
3656
3655
3654
3653
3652
3651
3650
3649
3648
3647
3646
3645
3644
3643
3642
3640
3639
3638
3637
3576
3574
3573
3572
3571
3570
3569
3568
3567
3566
3565
3564
3563
3562
3561
3557
3556
3554
3553
3552
3551
3550
3549
3548
3547
966
965
964
963
962
959
957
956
955
954
953
952
951
950
949
948
947
944
943
942
938
937
1265
1264
1263
1262
1261
1260
1258
1257
1256
1255
1254
1253
1252
1249
1248
1247
1246
1245
1240
1239
1238
1237
8976
8970
8969
8961
8959
8958
8957
8954
8953
8951
8950
8947
10959
10958
10957
10956
10955
10954
10953
10952
10951
10949
10948
10947
10946
10945
10943
10940
10938
10936
10935
10934
10930
6816
6811
6808
6803
6801
6800
6799
6798
6797
6795
6792
6790
6789
6787
9156
9154
9153
9151
9150
9149
9148
9147
9146
9145
9144
9143
9139
9138
9137
9136
9135
9134
9133
9131
9129
5015
5014
5013
5012
5011
5010
5008
5005
5002
5000
4998
4997
4996
4993
4992
4991
4990
4988
4987
6755
6750
6749
6746
6745
6744
6742
6740
6737
6736
6735
6734
6728
6727
3786
3785
3784
3781
3780
3779
3778
3777
3775
3774
3773
3772
3768
3767
3766
3765
3764
3763
3762
3759
3758
9875
9865
9864
9861
9860
9859
9854
9849
8465
8463
8462
8461
8459
8457
8456
8454
8453
8452
8451
8450
8449
8448
8446
8445
8443
8438
2406
2405
2404
2403
2401
2398
2396
2394
2393
2392
2391
2390
2389
2388
2387
2386
2385
2384
2383
2382
2381
2379
2378
10929
10928
10927
10926
10924
10923
10922
10919
10918
10917
10915
10913
10911
10909
10905
10904
3486
3483
3482
3481
3480
3479
3478
3477
3476
3473
3472
3469
3468
3466
3465
3464
3463
3461
3460
3457
3876
3874
3873
3872
3871
3870
3869
3868
3867
3866
3862
3861
3860
3859
3857
3856
3854
3853
3852
3851
3850
3849
3848
3847
6305
6302
6301
6300
6299
6298
6297
6296
6295
6294
6293
6291
6289
6287
6286
6285
6283
6282
6280
6279
6278
6277
11529
11525
11523
11521
11520
11517
11513
11507
11506
11505
11504
11503
11502
11501
11048
11046
11045
11043
11042
11039
11038
11037
11036
11035
11034
11030
11022
4416
4415
4413
4412
4411
4410
4408
4406
4405
4404
4403
4400
4399
4398
4397
4396
4395
4394
4393
4392
4391
4390
4389
1386
1385
1384
1383
1382
1381
1379
1377
1375
1374
1372
1370
1366
1365
1364
1363
1361
1360
1358
1357
8676
8675
8674
8673
8672
8671
8670
8668
8667
8666
8665
8662
8659
8655
8654
8653
8652
8651
9458
9456
9453
9452
9451
9450
9449
9446
9445
9444
9443
9442
9441
9440
9439
9438
9436
9434
9433
9432
9431
9430
9429
6
5
4
3
2
1
10809
10808
10807
10806
10805
10804
10803
10802
10800
10799
10798
10797
10795
10794
10790
10789
10788
10787
10785
10784
10783
10781
10780
1776
1775
1774
1773
1771
1770
1768
1767
1766
1765
1764
1763
1762
1760
1759
1758
1757
1756
1754
1753
1752
1749
1748
1747
4475
4474
4472
4471
4469
4464
4457
4456
4455
4454
4452
4449
4448
4447
3516
3515
3514
3513
3512
3511
3510
3507
3506
3505
3504
3503
3501
3499
3498
3497
3496
3495
3492
3491
3489
3488
7595
7594
7593
7592
7591
7590
7589
7588
7586
7585
7584
7582
7580
7579
7575
7573
7571
7570
7569
7568
7567
6184
6183
6182
6181
6180
6179
6178
6177
6176
6175
6174
6173
6172
6171
6170
6169
6168
6167
6166
6164
6158
6157
10418
10416
10414
10413
10412
10411
10410
10409
10408
10407
10405
10404
10403
10402
10399
10397
10396
10395
10394
10392
10391
10390
2736
2733
2732
2731
2729
2728
2723
2713
2712
2710
2708
396
395
394
391
390
389
388
387
385
384
380
378
376
372
370
369
367
5766
5764
5763
5762
5761
5759
5756
5754
5753
5752
5751
5749
5748
5747
5745
5744
5741
5740
5739
5738
846
845
844
843
842
841
840
837
834
833
831
830
827
822
821
820
818
11831
11830
11829
11822
11819
11817
11813
11811
11808
11805
11804
11803
10839
10838
10835
10834
10833
10830
10828
10827
10824
10819
10817
10815
10813
10812
10810
1445
1444
1443
1442
1441
1440
1439
1436
1435
1434
1431
1430
1429
1428
1427
1426
1425
1424
1423
1422
1421
1420
1419
1418
1417
11590
11589
11588
11586
11585
11584
11583
11582
11581
11578
11574
11573
11572
11566
11562
11561
576
572
571
570
567
565
563
561
560
559
558
557
556
555
553
552
551
550
547
3336
3335
3334
3333
3332
3330
3328
3327
3326
3325
3321
3318
3315
3314
3313
3312
3311
3307
7266
7265
7264
7263
7262
7261
7260
7259
7258
7257
7256
7255
7253
7252
7251
7250
7249
7248
7247
7246
7245
7243
7242
7240
7776
7773
7767
7766
7765
7764
7762
7761
7760
7758
7755
7753
7752
7748
6786
6785
6784
6772
6771
6770
6769
6768
6767
6766
6765
6764
6763
6760
6759
6758
7296
7295
7294
7293
7292
7291
7290
7289
7288
7286
7284
7281
7279
7278
7277
7276
7274
7272
7268
2163
2162
2161
2160
2159
2158
2157
2156
2155
2154
2153
2152
2151
2148
2147
2146
2142
2141
2140
2139
2138
2137
6515
6514
6512
6511
6509
6508
6507
6506
6505
6503
6502
6500
6499
6497
6496
6495
6494
6493
6492
6491
6488
6487
8615
8614
8611
8609
8608
8607
8606
8605
8604
8603
8602
8601
8600
8599
8598
8597
8596
8595
8594
8588
8587
10689
10687
10686
10685
10684
10679
10677
10675
10674
10672
10668
10663
10661
9787
9786
9784
9783
9782
9781
9780
9779
9775
9769
9768
9763
9760
9759
2496
2495
2494
2493
2492
2491
2490
2489
2487
2486
2483
2482
2478
2477
2476
2475
2473
2472
2471
2470
2468
5106
5102
5100
5097
5096
5095
5092
5087
5081
5079
9034
9033
9032
9030
9029
9028
9027
9026
9025
9024
9023
9021
9020
9019
9018
9017
9016
9013
9012
9009
9008
6426
6425
6424
6422
6419
6416
6412
6411
6405
6404
6402
6401
6399
6398
6397
3213
3212
3209
3207
3205
3203
3202
3201
3200
3199
3198
3197
3196
3195
3194
3190
3188
4775
4774
4773
4769
4768
4764
4761
4760
4759
4758
4756
4755
4754
4753
4751
4750
4748
4747
10629
10628
10627
10626
10623
10621
10620
10619
10617
10616
10615
10612
10611
10608
10607
10605
10603
10602
10601
9548
9547
9546
9544
9543
9542
9539
9537
9534
9531
9530
9529
9526
9525
9524
9523
9520
9519
1806
1805
1803
1802
1801
1799
1797
1796
1795
1794
1793
1791
1790
1789
1788
1787
1786
1785
1783
1782
1781
1780
1779
1778
1777
9606
9605
9601
9600
9599
9596
9595
9587
9585
9582
9580
11710
11709
11708
11707
11703
11698
11697
11696
11695
11693
11692
11691
11688
11686
11685
11683
5886
5885
5883
5880
5878
5877
5876
5874
5873
5870
5867
5865
5862
5859
5858
1146
1145
1144
1143
1142
1141
1140
1139
1137
1136
1135
1134
1133
1132
1131
1130
1128
1127
1126
1125
1123
1122
1121
1120
1119
1118
2586
2585
2583
2582
2581
2580
2579
2578
2577
2576
2575
2574
2573
2571
2570
2568
2567
2566
2565
2560
2559
2558
2557
5826
5825
5824
5823
5822
5820
5818
5817
5816
5815
5814
5813
5812
5811
5809
5808
5807
5806
5805
5804
5802
5801
5800
5799
5798
5797
5556
5553
5550
5546
5545
5544
5543
5542
5541
5537
5536
5535
5534
5532
5531
5529
5528
3636
3635
3634
3633
3632
3631
3630
3629
3628
3626
3623
3616
3614
3613
3612
3611
3610
3609
3608
3756
3753
3752
3750
3747
3745
3742
3739
3738
3737
3736
3734
3732
3731
3730
3729
3727
3426
3424
3423
3420
3419
3418
3417
3416
3415
3414
3413
3411
3406
3405
3402
3401
3399
9218
9217
9216
9215
9214
9213
9210
9209
9207
9206
9205
9203
9200
9199
9194
9193
9191
9189
8256
8255
8254
8253
8252
8250
8245
8239
8237
8234
8231
8227
11198
11197
11194
11193
11189
11188
11186
11184
11183
11182
11180
11179
11178
11177
11175
11174
11173
11172
11171
11170
11679
11678
11677
11676
11675
11673
11671
11670
11666
11665
11664
11663
11656
11655
11652
11651
6156
6155
6154
6153
6152
6151
6150
6149
6148
6147
6146
6145
6143
6142
6141
6139
6138
6136
6135
6134
6133
6131
6130
6129
6128
6127
1746
1745
1744
1743
1742
1741
1740
1739
1736
1735
1733
1732
1731
1729
1728
1727
1726
1725
1724
1723
1722
1721
1720
1719
1717
10989
10987
10984
10983
10982
10981
10980
10979
10977
10972
10971
10970
10969
10968
10967
10966
10965
10964
10963
10960
8646
8645
8640
8638
8636
8635
8634
8632
8630
8628
8627
8626
8624
8623
8621
8618
8617
5676
5674
5673
5672
5671
5668
5667
5666
5665
5664
5663
5661
5660
5659
5658
5656
5655
5654
5653
5652
5651
5647
156
155
154
153
148
146
145
143
142
140
135
134
131
130
129
1115
1113
1112
1111
1110
1109
1108
1107
1106
1105
1104
1099
1098
1097
1096
1095
1094
1093
1092
1091
1088
6876
6875
6873
6872
6871
6870
6869
6868
6867
6866
6864
6861
6860
6856
6854
6853
6852
6851
6849
696
695
694
693
692
691
689
688
687
686
685
684
683
682
681
678
677
676
675
674
673
672
671
670
669
668
667
9697
9696
9694
9693
9692
9691
9687
9686
9685
9683
9682
9680
9679
9678
9677
9675
10026
10025
10024
10022
10020
10018
10017
10016
10012
10011
10010
10007
10005
10004
10003
10002
10001
10000
2616
2615
2614
2613
2612
2611
2610
2606
2605
2604
2603
2601
2600
2599
2598
2597
2596
2595
2593
2592
2591
2590
2588
7386
7384
7383
7381
7380
7379
7378
7377
7375
7374
7373
7371
7370
7369
7368
7367
7366
7365
7362
7361
7360
7359
7358
8316
8315
8314
8312
8309
8306
8305
8302
8300
8299
8298
8297
8295
8289
8288
2196
2195
2193
2192
2191
2190
2189
2188
2186
2185
2184
2183
2179
2178
2177
2176
2175
2174
2173
2171
2170
2169
2167
1986
1985
1984
1983
1982
1981
1980
1979
1978
1976
1975
1974
1971
1970
1969
1968
1967
1965
1964
1962
1961
1960
1959
1958
1957
6335
6334
6333
6331
6329
6328
6327
6326
6325
6323
6322
6320
6318
6316
6315
6314
6313
6311
6310
6308
6307
8766
8765
8763
8760
8758
8757
8754
8753
8752
8751
8750
8749
8748
8747
8746
8745
8744
8742
8741
8739
8738
8737
1086
1085
1084
1083
1081
1080
1079
1078
1077
1076
1075
1073
1072
1071
1070
1067
1066
1063
1062
1061
1060
1059
1058
1057
5856
5854
5853
5852
5850
5848
5844
5843
5839
5838
5834
5833
5831
5830
5828
5827
276
273
271
270
269
268
267
266
265
263
262
261
259
258
256
254
253
252
251
249
248
1836
1835
1832
1831
1829
1828
1827
1825
1824
1821
1819
1816
1815
1813
1812
1811
1809
1808
7476
7472
7469
7467
7466
7465
7464
7463
7461
7460
7459
7456
7455
7454
7453
7452
7451
7450
7449
7448
7447
5046
5045
5044
5042
5041
5040
5037
5033
5031
5029
5028
5024
5020
5019
5018
5017
7356
7354
7353
7348
7346
7345
7342
7340
7338
7337
7336
7335
7334
7333
7332
7331
7329
7327
2315
2314
2313
2312
2311
2310
2309
2308
2307
2305
2304
2303
2301
2299
2296
2295
2294
2290
2289
2288
2287
1326
1324
1323
1322
1321
1320
1319
1318
1317
1316
1315
1314
1313
1312
1311
1310
1309
1308
1305
1304
1302
1301
1298
1297
4924
4922
4919
4917
4915
4914
4913
4911
4907
4906
4904
4903
4901
4900
4898
2046
2045
2043
2041
2040
2039
2038
2036
2035
2034
2033
2032
2031
2028
2027
2026
2025
2024
2022
2021
2020
2019
2018
4595
4593
4592
4591
4590
4589
4588
4587
4586
4585
4584
4582
4581
4580
4579
4578
4577
4575
4574
4572
4570
4569
4567
8013
8012
8008
8007
8006
8005
8004
8003
8002
8001
8000
7998
7996
7994
7993
7990
2466
2465
2464
2463
2462
2460
2456
2454
2453
2452
2450
2448
2446
2443
2442
2441
2440
2439
2438
2437
2376
2374
2373
2372
2370
2368
2367
2366
2358
2355
2350
2348
7504
7503
7502
7500
7499
7498
7497
7496
7489
7488
7487
7486
7485
7484
7483
7481
7479
7478
7477
11228
11225
11219
11218
11217
11216
11215
11214
11212
11205
11203
11202
10779
10777
10773
10767
10764
10762
10761
10760
10759
10758
10757
10756
10755
10753
10752
10751
7956
7955
7952
7951
7948
7945
7943
7942
7939
7938
7931
7928
7925
7924
7922
7921
7920
7919
7918
7915
7913
7907
7906
7905
7902
7901
7900
7899
7898
4534
4530
4525
4522
4521
4520
4519
4517
4516
4514
4513
4512
4511
9308
9306
9303
9302
9301
9300
9299
9298
9297
9295
9292
9291
9289
9288
9287
9286
9284
9283
9282
9280
11137
11132
11131
11129
11128
11126
11124
11119
11118
11116
11114
11110
8526
8525
8524
8523
8521
8517
8514
8513
8512
8510
8508
8507
8505
8504
8503
8501
8498
3186
3185
3183
3182
3181
3179
3178
3177
3176
3175
3174
3173
3172
3171
3169
3168
3167
3166
3165
3164
3163
3162
3161
3160
3158
3157
10569
10567
10566
10562
10560
10554
10553
10549
10541
10540
5164
5159
5158
5157
5155
5154
5153
5152
5151
5150
5147
5146
5145
5144
5143
5142
5141
10059
10058
10057
10053
10052
10051
10049
10048
10047
10043
10039
10038
10035
10034
10033
10031
10030
2946
2945
2942
2941
2939
2934
2931
2929
2925
2924
2923
2920
2917
2225
2224
2223
2222
2221
2219
2218
2217
2216
2215
2214
2213
2212
2211
2210
2209
2208
2207
2206
2205
2204
2202
2201
2200
2199
2198
2197
906
905
904
901
900
899
898
897
896
895
894
893
892
891
890
889
888
887
886
885
884
883
881
877
4446
4445
4444
4443
4442
4440
4439
4438
4437
4436
4435
4434
4433
4432
4431
4430
4429
4428
4427
4426
4425
4424
4423
4422
4421
4420
4419
4418
4417
11018
11017
11016
11014
11012
11010
11008
11006
11004
11003
11001
10999
10997
10996
10992
10991
244
240
238
235
234
233
228
227
226
225
224
222
221
220
219
218
217
8915
8914
8911
8910
8909
8908
8907
8906
8903
8902
8897
8896
8894
8893
8892
8890
8889
8888
8887
7086
7085
7084
7083
7081
7080
7077
7076
7075
7074
7073
7072
7071
7069
7067
7066
7065
7064
7062
7061
7059
7057
10178
10176
10175
10174
10173
10172
10171
10168
10167
10160
10159
10158
10157
10156
10155
10154
10153
10150
4146
4145
4144
4143
4142
4141
4140
4139
4138
4137
4136
4135
4133
4132
4131
4130
4129
4128
4126
4125
4124
4123
4122
4120
4118
5316
5315
5314
5313
5312
5310
5306
5305
5300
5299
5296
5295
5291
5289
5288
3726
3724
3723
3721
3720
3719
3718
3717
3716
3714
3713
3712
3711
3709
3707
3706
3703
3702
3701
3700
3698
3697
7446
7444
7443
7442
7441
7437
7436
7435
7434
7433
7432
7430
7428
7427
7424
7423
7421
7420
7419
7418
7417
2436
2435
2433
2432
2431
2430
2429
2428
2426
2425
2424
2423
2421
2420
2419
2418
2417
2416
2415
2413
2412
2411
2410
2409
2408
2407
6726
6725
6720
6719
6718
6715
6714
6713
6709
6700
6697
4206
4204
4203
4202
4201
4200
4199
4198
4196
4195
4192
4190
4189
4188
4187
4186
4185
4183
4182
4181
4180
4178
4177
1236
1235
1234
1233
1232
1228
1226
1224
1222
1220
1219
1218
1216
1214
1213
1212
1211
1209
1208
1207
1716
1715
1714
1713
1712
1711
1710
1709
1708
1707
1706
1705
1704
1703
1701
1700
1699
1698
1697
1695
1694
1693
1692
1690
1689
1688
1687
3156
3155
3154
3153
3152
3151
3149
3148
3145
3144
3143
3142
3141
3139
3137
3135
3134
3133
3132
3130
3129
3128
3127
3996
3995
3994
3993
3992
3990
3989
3988
3987
3986
3985
3984
3983
3979
3977
3976
3973
3971
3970
3968
3967
545
540
539
538
537
536
535
534
533
532
531
530
529
528
527
526
525
524
522
521
520
519
518
517
11079
11077
11073
11068
11065
11060
11059
11055
11054
11053
11050
6276
6275
6274
6273
6272
6271
6268
6267
6266
6265
6263
6262
6261
6260
6258
6256
6255
6254
6253
6252
6248
6247
5646
5645
5644
5643
5642
5640
5639
5637
5636
5635
5633
5632
5631
5630
5626
5625
5624
5622
5620
5619
5617
7176
7175
7173
7171
7169
7168
7167
7166
7165
7164
7163
7161
7160
7159
7158
7156
7155
7154
7153
7152
7151
7150
7148
7147
2675
2673
2671
2670
2669
2668
2667
2666
2665
2664
2660
2659
2658
2657
2656
2654
2653
2651
2650
2649
2648
2647
7714
7713
7710
7707
7705
7703
7702
7701
7700
7699
7698
7697
7696
7695
7694
7693
7692
7691
7690
7688
7687
5286
5284
5280
5279
5277
5276
5273
5272
5269
5267
5265
5264
5263
5261
5260
5257
8794
8792
8791
8790
8788
8781
8777
8774
8773
8771
8770
8769
8768
8767
9848
9843
9842
9841
9840
9835
9831
9829
9820
6966
6965
6964
6963
6961
6960
6957
6956
6955
6953
6952
6951
6949
6947
6946
6944
6942
4836
4835
4834
4833
4832
4831
4829
4828
4827
4826
4825
4821
4819
4818
4817
4816
4815
4813
4809
4807
6696
6695
6690
6689
6688
6687
6685
6682
6681
6680
6679
6678
6676
6671
6670
6669
6668
6667
7206
7205
7203
7202
7199
7197
7196
7194
7193
7192
7190
7188
7187
7186
7185
7183
7182
7180
7179
7178
425
424
423
422
421
419
418
417
416
414
412
411
407
406
405
404
403
402
401
400
399
398
7326
7325
7324
7323
7321
7320
7319
7317
7316
7315
7314
7313
7312
7309
7308
7305
7303
7302
7301
7300
7299
7298
7297
8196
8195
8194
8193
8192
8190
8189
8188
8187
8186
8185
8184
8183
8182
8181
8178
8177
8176
8175
8174
8171
8167
7056
7055
7054
7051
7049
7047
7046
7044
7043
7042
7040
7038
7037
7034
9006
9005
9000
8998
8997
8995
8994
8992
8989
8988
8987
8985
8984
8983
8980
4746
4745
4744
4739
4738
4736
4735
4731
4730
4727
4725
4723
4721
4720
4718
6546
6543
6542
6541
6540
6539
6538
6537
6536
6535
6533
6532
6531
6530
6528
6527
6526
6524
6523
6521
6520
6517
1026
1025
1024
1023
1022
1021
1020
1019
1018
1017
1016
1015
1013
1012
1011
1010
1009
1008
1007
1006
1005
1004
1003
1001
997
3606
3605
3604
3601
3600
3598
3597
3596
3595
3594
3593
3592
3591
3590
3589
3588
3586
3584
3583
3581
3580
3579
3578
3577
6934
6933
6932
6931
6929
6927
6926
6923
6922
6921
6917
6916
6915
6914
6913
6912
6911
6909
6908
6907
724
723
720
719
718
716
715
714
713
712
711
710
709
707
703
702
699
698
697
3035
3034
3033
3031
3030
3025
3024
3023
3021
3020
3017
3016
3015
3014
3013
3012
3011
3010
3009
3008
5586
5585
5583
5582
5581
5580
5579
5578
5576
5575
5573
5571
5570
5568
5567
5566
5565
5558
5557
11740
11738
11737
11736
11732
11731
11729
11728
11727
11723
11722
11717
11715
11714
11711
66
65
64
63
61
60
58
57
56
55
54
53
52
49
48
47
46
45
44
43
42
40
39
38
37
3546
3544
3543
3542
3541
3539
3537
3535
3531
3530
3529
3527
3526
3525
3524
3522
3521
3520
3519
3517
1656
1655
1651
1649
1648
1647
1646
1645
1644
1643
1642
1641
1638
1637
1636
1635
1634
1633
1632
1631
1630
1629
6844
6843
6842
6841
6840
6839
6838
6837
6836
6835
6834
6831
6828
6826
6824
6823
6822
6818
6817
3906
3905
3904
3903
3901
3900
3899
3897
3896
3895
3892
3891
3890
3889
3888
3885
3884
3883
3882
3881
3879
3878
3877
6064
6060
6059
6058
6057
6056
6054
6053
6052
6048
6047
6046
6044
6041
6039
6038
6006
6005
6004
6003
6002
6001
6000
5999
5998
5997
5995
5994
5992
5991
5990
5989
5988
5987
5986
5985
5984
5983
5982
5979
5977
9427
9426
9423
9422
9421
9420
9418
9417
9415
9414
9412
9411
9409
9408
9407
9406
9405
9403
9399
11318
11317
11315
11306
11303
11302
11297
11295
11293
11291
8735
8733
8731
8730
8729
8728
8727
8726
8721
8715
8713
8712
8711
8710
8708
8707
2105
2103
2102
2100
2099
2097
2096
2095
2094
2093
2092
2089
2087
2086
2085
2084
2082
2081
2079
2078
2077
96
95
93
92
91
90
87
85
84
83
81
80
79
78
76
75
73
72
71
68
67
9248
9247
9244
9243
9242
9241
9240
9237
9236
9234
9233
9232
9229
9227
9226
9224
9220
9219
10654
10651
10650
10646
10644
10642
10640
10638
10635
10634
10633
10632
10631
10630
11406
11403
11400
11398
11397
11394
11393
11392
11391
11390
11389
11387
11385
11384
11383
11381
8706
8705
8703
8701
8700
8697
8693
8692
8691
8690
8688
8687
8686
8685
8684
8683
8681
8680
8679
8678
8677
5796
5795
5791
5789
5788
5786
5785
5784
5782
5779
5776
5775
5774
5773
5772
5771
5770
5768
5767
6396
6395
6394
6393
6392
6391
6390
6389
6388
6387
6386
6385
6384
6383
6382
6381
6380
6378
6377
6376
6375
6374
6373
6371
6370
6369
6367
8284
8283
8282
8279
8278
8270
8267
8266
8265
8261
8260
8258
8257
8075
8071
8070
8069
8065
8064
8061
8060
8059
8058
8057
8056
8055
8054
8053
8052
8050
8049
8047
7986
7984
7983
7982
7980
7976
7975
7974
7973
7971
7966
7965
7964
7961
7960
7556
7555
7552
7551
7546
7545
7544
7539
7538
7537
786
782
781
780
779
778
777
776
775
774
772
771
767
766
762
761
760
758
757
756
755
754
753
752
751
750
749
748
747
746
745
744
743
742
741
740
739
737
736
735
734
733
732
730
729
728
727
8436
8432
8431
8430
8428
8427
8423
8422
8421
8419
8418
8416
8415
8414
8413
8412
8409
9278
9276
9275
9273
9270
9269
9267
9266
9264
9263
9262
9260
9258
9255
9254
9253
9250
5376
5375
5374
5373
5372
5371
5368
5367
5366
5365
5363
5361
5359
5354
5353
5351
5348
5347
11649
11648
11647
11645
11644
11643
11642
11641
11640
11639
11638
11637
11636
11634
11631
11630
11629
11628
11627
11626
11623
1533
1532
1530
1529
1527
1525
1524
1522
1519
1516
1514
1513
1511
1509
1508
1507
10239
10236
10235
10234
10233
10232
10230
10229
10228
10227
10226
10224
10223
10222
10221
10220
10219
10218
10217
10216
10215
10214
10213
10212
10211
10210
1566
1562
1561
1560
1558
1557
1556
1553
1551
1546
1544
1543
1541
1540
1539
8106
8105
8104
8103
8101
8097
8096
8093
8092
8090
8089
8087
8086
8085
8084
8083
8082
8081
8080
8079
8078
2703
2701
2694
2692
2690
2689
2688
2687
2686
2685
2684
2683
2682
2678
2016
2015
2014
2013
2012
2011
2010
2009
2008
2006
2005
2004
2003
2002
2001
2000
1999
1998
1997
1996
1995
1994
1993
1992
1990
1988
1987
11290
11289
11286
11284
11281
11277
11273
11271
11270
11266
11264
11263
11262
11261
8886
8883
8882
8879
8875
8874
8873
8871
8868
8867
8866
8865
8860
8859
8858
8857
1173
1169
1167
1165
1164
1163
1162
1161
1160
1158
1157
1155
1154
1153
1152
1150
1149
1148
1147
306
305
304
302
299
298
296
295
294
293
292
291
290
289
288
286
284
283
281
280
279
278
2554
2553
2552
2551
2550
2545
2544
2542
2541
2540
2539
2537
2536
2535
2530
2529
2527
186
185
184
183
182
181
180
179
178
176
173
172
171
167
166
165
164
163
162
161
160
159
158
157
8406
8404
8400
8398
8397
8396
8392
8391
8387
8386
8385
8384
8383
8382
8381
8380
8378
8377
7686
7684
7682
7679
7676
7675
7674
7673
7668
7667
7665
7664
7663
7662
7661
7659
7657
2526
2525
2524
2521
2519
2517
2516
2515
2513
2511
2506
2505
2500
2498
8585
8584
8583
8582
8581
8580
8577
8575
8570
8566
8565
8563
8560
8557
6485
6484
6483
6482
6481
6480
6478
6477
6476
6475
6474
6471
6470
6469
6468
6467
6466
6464
6463
6461
6460
6459
6458
6457
4356
4355
4354
4353
4351
4350
4349
4348
4347
4346
4344
4343
4342
4341
4340
4339
4338
4336
4335
4334
4333
4332
4331
4330
4327
2794
2793
2792
2791
2790
2789
2787
2783
2782
2781
2780
2778
2777
2774
2773
2772
2771
2768
2286
2285
2284
2283
2281
2280
2278
2277
2276
2275
2273
2270
2269
2268
2267
2265
2264
2263
2262
2261
2259
2258
11470
11469
11468
11467
11466
11465
11464
11462
11460
11459
11457
11456
11455
11452
11451
11450
11448
11444
11443
11442
11441
10749
10742
10740
10738
10737
10736
10735
10732
10730
10729
10728
10726
10725
10724
10723
10722
10721
10720
7806
7804
7800
7799
7798
7796
7793
7790
7788
7786
7783
7779
366
365
364
359
358
357
355
354
353
352
351
350
349
348
347
346
345
344
343
342
341
340
339
338
337
4865
4863
4862
4859
4858
4856
4855
4853
4851
4850
4849
4846
4844
4842
4841
4840
4838
4837
6096
6095
6093
6092
6091
6088
6087
6086
6085
6084
6083
6080
6079
6077
6076
6075
6074
6073
6072
6071
6070
6069
6068
6067
6666
6665
6664
6663
6661
6660
6659
6656
6655
6654
6653
6651
6649
6648
6647
6645
6644
6643
6642
6641
6639
6638
4055
4054
4053
4050
4049
4048
4047
4045
4044
4043
4041
4039
4038
4037
4036
4034
4032
4031
4030
4029
4028
10599
10596
10595
10594
10592
10589
10588
10587
10586
10584
10583
10582
10580
10578
10577
10574
10572
10571
8136
8135
8134
8131
8129
8127
8126
8125
8124
8121
8120
8119
8118
8117
8116
8113
8112
8111
8110
5736
5734
5733
5729
5728
5727
5726
5724
5722
5721
5720
5719
5716
5714
5713
5712
5711
5710
5708
5707
3395
3393
3389
3388
3387
3386
3384
3383
3380
3379
3378
3376
3375
3374
3373
3372
3371
3369
3368
2136
2135
2134
2133
2131
2130
2129
2128
2127
2126
2125
2124
2123
2122
2121
2120
2118
2117
2116
2115
2114
2113
2109
2108
2107
10119
10118
10115
10111
10110
10107
10103
10102
10101
10098
10095
10094
10093
10092
10091
10090
3006
3004
3003
3001
3000
2998
2997
2996
2995
2994
2992
2991
2988
2985
2982
2980
2979
2978
2977
1476
1475
1474
1473
1472
1471
1470
1469
1468
1467
1466
1465
1463
1462
1461
1458
1457
1456
1455
1454
1452
1451
1449
1447
9517
9516
9513
9508
9507
9506
9504
9503
9501
9500
9499
9495
9494
9493
9491
9490
5076
5075
5073
5069
5068
5066
5064
5063
5060
5051
5050
5049
936
935
934
932
931
930
929
927
926
925
924
923
922
921
920
919
918
915
914
912
911
910
909
908
907
5193
5191
5190
5189
5188
5185
5184
5182
5181
5180
5174
5172
5171
5170
5169
5168
5167
5526
5523
5521
5520
5519
5518
5517
5515
5512
5510
5509
5505
5503
5501
5500
5499
5498
10089
10086
10084
10081
10080
10079
10076
10075
10074
10073
10071
10070
10069
10065
10064
10063
10061
8046
8045
8044
8043
8041
8040
8039
8036
8034
8033
8032
8029
8028
8027
8026
8024
8022
8021
8018
2076
2075
2074
2073
2069
2067
2066
2065
2064
2063
2062
2061
2060
2059
2057
2055
2054
2052
2050
2049
2048
7836
7832
7828
7824
7823
7822
7821
7820
7819
7818
7817
7816
7813
7812
7810
7808
8946
8938
8937
8932
8931
8930
8927
8926
8925
8924
8921
8917
10478
10477
10475
10474
10472
10470
10468
10467
10465
10463
10462
10461
10459
10458
10457
10456
10453
10452
10451
10450
876
874
873
872
871
869
868
866
862
861
859
858
857
856
854
850
849
848
4081
4079
4075
4074
4073
4072
4070
4069
4068
4067
4066
4064
4063
4061
4060
4059
4058
336
335
332
329
328
327
322
316
314
313
311
310
308
307
5946
5945
5944
5935
5934
5933
5932
5931
5930
5929
5928
5927
5924
5922
5919
5917
5496
5493
5492
5488
5486
5485
5484
5483
5482
5481
5477
5476
5475
5473
5472
5471
5470
5469
9338
9337
9336
9335
9332
9331
9330
9328
9327
9326
9325
9323
9322
9321
9320
9319
9317
9314
9313
9311
9310
9309
11499
11498
11496
11493
11492
11491
11490
11489
11488
11484
11483
11479
11475
11474
11471
5975
5974
5973
5972
5970
5969
5968
5967
5965
5964
5960
5959
5958
5953
5952
5949
5948
5947
1416
1415
1412
1411
1409
1408
1406
1405
1404
1403
1400
1399
1397
1395
1394
1393
1392
1391
1390
1926
1925
1924
1923
1921
1920
1919
1918
1917
1916
1915
1914
1913
1912
1911
1910
1909
1906
1905
1904
1903
1898
1897
9938
9936
9935
9934
9933
9931
9930
9929
9928
9927
9926
9925
9924
9923
9919
9918
9917
9915
9913
9912
9910
634
633
632
631
630
629
627
626
625
624
623
622
621
620
619
615
614
612
611
610
609
3274
3273
3271
3270
3268
3266
3265
3264
3263
3261
3260
3259
3258
3253
3252
3248
456
455
454
452
450
449
448
447
442
441
440
439
438
435
433
431
429
428
427
11380
11377
11374
11373
11371
11369
11368
11366
11364
11363
11361
11359
11358
11357
11355
11354
3126
3125
3123
3122
3121
3118
3117
3115
3114
3112
3111
3110
3108
3107
3106
3105
3104
3103
3102
3100
3099
3098
3097
7656
7655
7654
7652
7647
7644
7643
7638
7637
7636
7633
7630
7627
9728
9727
9726
9725
9724
9723
9716
9715
9710
9709
9708
9707
9705
9704
9701
5226
5222
5221
5220
5215
5214
5213
5211
5209
5208
5206
5205
5202
5199
5198
5197
9998
9997
9996
9994
9992
9989
9988
9984
9982
9981
9979
9977
9974
9973
9970
9969
486
485
484
482
481
480
479
477
474
473
472
471
470
469
468
467
466
463
462
458
457
8165
8164
8163
8162
8160
8158
8156
8155
8154
8153
8151
8150
8149
8148
8145
8140
8139
8138
5616
5614
5613
5610
5608
5607
5605
5604
5603
5600
5599
5597
5596
5595
5594
5593
5590
5587
10359
10358
10357
10355
10354
10353
10352
10350
10349
10348
10347
10346
10344
10342
10332
10330
606
605
604
603
602
601
600
599
598
597
596
589
587
586
585
583
582
579
578
577
6366
6362
6361
6360
6359
6358
6357
6356
6354
6353
6351
6350
6349
6348
6347
6346
6345
6344
6343
6342
6341
6340
6339
6338
6337
4116
4114
4113
4112
4111
4110
4108
4107
4106
4103
4100
4099
4098
4097
4091
4089
7146
7144
7143
7142
7140
7139
7136
7135
7134
7133
7132
7131
7130
7129
7128
7120
7119
7118
7117
5405
5404
5403
5402
5401
5399
5396
5394
5393
5392
5384
5381
5378
5377
8856
8855
8851
8849
8848
8847
8845
8840
8839
8837
8836
8834
8833
8831
8830
8828
8827
9576
9575
9574
9573
9571
9570
9569
9568
9562
9561
9560
9557
9556
9555
9554
9552
9550
9549
4294
4293
4292
4290
4288
4285
4283
4282
4281
4280
4279
4278
4277
4276
4272
4271
4267
3846
3845
3844
3843
3842
3841
3840
3839
3838
3837
3836
3835
3834
3832
3831
3829
3828
3827
3826
3825
3823
3822
3821
3820
3818
5706
5704
5703
5701
5700
5699
5698
5696
5695
5694
5693
5691
5690
5688
5687
5686
5684
5683
5682
5681
5680
5679
5678
1594
1593
1592
1588
1587
1586
1584
1583
1581
1578
1576
1575
1573
1572
1571
6246
6244
6242
6241
6240
6238
6237
6236
6235
6234
6232
6231
6230
6229
6227
6226
6225
6224
6222
6221
6219
6218
6217
2346
2345
2343
2342
2340
2339
2338
2337
2336
2335
2334
2333
2332
2331
2329
2327
2326
2325
2324
2322
2321
2320
2319
2318
2317
4265
4263
4262
4261
4260
4255
4254
4252
4250
4247
4243
4240
4239
4237
9965
9962
9961
9958
9957
9956
9955
9954
9950
9949
9948
9946
9945
9944
9942
9939
7416
7415
7414
7412
7409
7408
7407
7405
7404
7403
7402
7400
7399
7398
7397
7396
7395
7394
7393
7392
7388
7387
11169
11166
11165
11164
11162
11159
11157
11156
11155
11150
11145
11143
11560
11559
11557
11556
11555
11554
11551
11548
11547
11544
11543
11540
11538
11534
11533
11531
4323
4322
4321
4320
4318
4316
4315
4314
4313
4312
4311
4310
4309
4307
4306
4305
4304
4303
4301
4298
4297
5254
5253
5252
5251
5249
5248
5247
5246
5245
5244
5242
5240
5238
5237
5232
5231
5229
5228
4805
4803
4802
4801
4799
4797
4796
4795
4793
4791
4790
4787
4786
4785
4783
4782
4781
4780
4778
4777
8555
8551
8550
8549
8546
8545
8543
8533
8528
4504
4503
4501
4496
4493
4492
4491
4490
4489
4486
4483
4480
4479
4478
4477
4176
4175
4173
4171
4170
4168
4167
4166
4165
4164
4163
4162
4161
4159
4157
4153
4152
4151
4147
9908
9905
9903
9901
9899
9898
9897
9896
9895
9894
9891
9890
9888
9884
9880
7895
7894
7893
7892
7891
7890
7888
7886
7885
7884
7883
7881
7877
7876
7872
7871
7870
7867
8826
8825
8819
8817
8816
8815
8814
8813
8812
8811
8810
8809
8806
8805
8804
8803
8802
8801
8800
8799
7025
7024
7018
7017
7016
7015
7014
7013
7012
7011
7008
7005
7003
7001
6999
6997
4026
4025
4024
4022
4021
4020
4019
4018
4016
4014
4008
4005
4004
4003
4002
4001
4000
3998
10293
10292
10291
10290
10289
10288
10287
10286
10285
10284
10283
10282
10281
10280
10279
10278
10277
10276
10275
10274
10273
10272
10271
10270
6126
6125
6124
6123
6122
6121
6120
6118
6117
6115
6114
6113
6112
6111
6110
6109
6107
6106
6105
6103
6102
6100
6099
6098
6097
11766
11764
11763
11762
11761
11760
11759
11758
11756
11751
11750
11749
11746
11744
11741
5136
5134
5133
5131
5130
5126
5122
5121
5120
5119
5118
5117
5116
5114
5113
5112
5110
5109
5108
11260
11254
11250
11247
11244
11242
11241
11238
11236
11235
11234
11233
11232
11231
