4578
4577
4576
4575
4574
4573
4572
4571
4570
4568
4567
4561
4560
4558
4557
4556
4554
4553
4552
4551
4549
3798
3796
3795
3794
3793
3791
3790
3789
3786
3785
3783
3782
3781
3780
3779
3778
3777
3776
3775
3774
3773
3771
2385
2383
2382
2381
2380
2379
2378
2376
2375
2374
2373
2370
2369
2368
2367
2366
2365
2362
2361
2359
2358
2356
4427
4425
4424
4421
4419
4417
4415
4413
4409
4408
4407
4406
4402
4399
1327
1326
1322
1317
1316
1315
1311
1309
1308
1307
3017
3016
3012
3011
3009
3008
3007
3006
3005
3004
3003
3001
3000
2999
2998
2997
2996
2995
2994
2991
2989
1934
1933
1932
1931
1930
1926
1925
1924
1923
1921
1920
1917
1915
1913
1910
1909
1908
1906
4819
4817
4816
4815
4814
4811
4809
4808
4807
4806
4805
4804
4802
4801
4800
4799
4797
4796
4795
4794
4793
4791
1845
1844
1842
1839
1836
1834
1830
1828
1827
1826
1823
1821
1820
1819
2954
2953
2952
2949
2948
2947
2946
2944
2943
2942
2939
2937
2936
2935
2932
2931
2930
2929
2927
2926
2204
2200
2198
2197
2196
2195
2194
2193
2192
2188
2187
2182
2053
2052
2051
2050
2048
2047
2046
2042
2041
2040
2039
2037
2036
2035
2034
2032
2031
2030
2029
2028
2027
3318
3317
3316
3315
3313
3312
3311
3310
3307
3306
3305
3299
3295
3293
3290
3289
3678
3676
3675
3673
3671
3668
3667
3666
3663
3662
3661
3660
3659
3658
3657
3656
3655
3653
3652
3650
3648
3647
3645
3644
3642
3641
3640
3639
3638
3636
3635
3632
3631
3629
3628
3626
3625
3624
3623
3622
3621
3619
1211
1210
1200
1199
1198
1196
1195
1189
1188
1187
1186
1785
1784
1783
1782
1780
1779
1778
1777
1775
1773
1770
1767
1766
1764
1763
1761
1760
1759
1757
615
614
613
612
611
610
609
608
607
606
605
604
603
602
601
600
599
598
597
596
595
594
593
592
3227
3226
3225
3223
3221
3219
3218
3216
3214
3213
3212
3211
3210
3208
3207
3206
3205
3204
3203
3202
3201
3200
2114
2113
2112
2108
2107
2106
2105
2104
2103
2102
2101
2099
2098
2097
2096
2095
2093
2092
2091
2090
2088
2087
2265
2264
2263
2262
2261
2260
2259
2257
2256
2253
2252
2251
2250
2248
2246
2245
2244
2243
2241
2239
2236
3707
3706
3704
3703
3702
3700
3698
3696
3695
3692
3691
3690
3689
3688
3686
3684
3683
3681
3680
3679
2234
2233
2232
2231
2230
2228
2227
2226
2225
2224
2223
2222
2221
2219
2217
2216
2214
2213
2212
2208
2207
1604
1603
1601
1600
1599
1597
1596
1594
1593
1592
1591
1590
1589
1587
1586
1585
1584
1583
1582
1581
1579
1578
1577
1576
4214
4210
4209
4208
4207
4206
4205
4203
4202
4201
4199
4198
4197
4196
4195
4193
4192
4191
4190
1575
1570
1569
1568
1565
1564
1563
1562
1561
1560
1558
1556
1555
1554
1553
1551
1550
1548
1546
645
644
643
642
641
640
639
638
637
636
635
634
633
632
631
630
629
628
627
626
625
624
623
622
621
620
619
618
617
616
3107
3106
3105
3104
3103
3101
3100
3099
3098
3096
3095
3093
3092
3091
3090
3087
3086
3085
3084
3082
3080
3079
3078
2324
2323
2322
2320
2319
2318
2317
2314
2311
2309
2308
2306
2301
2300
2299
2297
975
970
963
958
955
953
952
949
947
4518
4516
4515
4514
4512
4511
4510
4509
4508
4507
4506
4505
4504
4503
4501
4500
4498
4497
4496
4495
4494
4493
4491
4490
4489
3137
3135
3134
3133
3131
3130
3127
3124
3122
3120
3118
3116
3115
3114
3113
3112
3111
1004
1003
1002
998
997
996
990
989
988
987
986
983
981
979
977
976
4338
4335
4334
4332
4330
4329
4328
4322
4321
4320
4313
4310
4309
731
730
724
723
718
717
716
715
714
713
712
711
710
709
708
707
706
4246
4245
4244
4243
4242
4241
4239
4236
4235
4232
4231
4230
4226
4224
4007
4006
4005
4001
3997
3995
3994
3993
3992
3989
3986
3982
764
758
751
749
747
745
744
743
742
738
2415
2414
2407
2405
2404
2402
2401
2396
2395
2393
2391
2390
2386
3888
3887
3886
3885
3883
3880
3879
3878
3876
3875
3874
3873
3871
3868
3866
3864
3861
3860
1155
1154
1153
1150
1149
1148
1147
1145
1144
1141
1140
1139
1138
1133
1132
1128
1127
1126
2475
2470
2468
2466
2465
2464
2463
2462
2461
2460
2458
2456
2453
2452
2451
2448
2447
4278
4277
4276
4274
4273
4272
4271
4269
4268
4267
4264
4262
4260
4259
4258
4257
4256
4255
4254
4253
4252
4251
4035
4034
4033
4030
4029
4024
4023
4022
4016
4014
4013
4012
4009
4188
4187
4186
4185
4183
4182
4180
4179
4178
4176
4175
4174
4173
4172
4171
4170
4169
4167
4166
4164
1185
1176
1175
1173
1171
1170
1168
1165
1164
1160
1159
1158
1156
1454
1451
1450
1449
1445
1444
1443
1440
1438
1434
1433
1432
1431
1429
1428
1426
1394
1391
1390
1389
1388
1386
1385
1384
1383
1381
1380
1375
1373
1372
1371
1370
1369
1368
1367
1366
1272
1263
1262
1258
1256
1254
1253
1251
1250
1248
1095
1093
1090
1088
1087
1084
1082
1078
1077
1075
1074
1073
1071
1069
1066
4759
4758
4757
4756
4755
4754
4751
4750
4749
4748
4747
4746
4745
4742
4739
4738
4733
4732
4731
4730
2505
2502
2501
2498
2496
2493
2491
2489
2486
2482
2481
2480
2479
3348
3346
3345
3344
3343
3342
3341
3340
3337
3335
3333
3331
3330
3329
3328
3327
3326
3324
3323
3322
3321
3320
1995
1994
1993
1991
1990
1986
1985
1982
1980
1974
1969
2025
2024
2022
2021
2020
2016
2013
2007
2004
2001
1997
1996
3378
3377
3376
3375
3374
3373
3372
3370
3369
3368
3366
3364
3362
3359
3358
3357
3356
3355
3351
3350
3349
3528
3527
3525
3521
3520
3517
3516
3515
3512
3511
3509
3507
3503
3501
3500
3499
1815
1813
1808
1807
1806
1805
1804
1803
1800
1798
1795
1794
1793
1792
1788
1787
3737
3736
3734
3733
3732
3731
3727
3726
3725
3724
3722
3720
3719
3718
3717
3716
3715
3714
3713
3712
3711
3766
3765
3761
3760
3759
3758
3755
3754
3747
3746
3744
3743
3742
3741
3739
4128
4127
4126
4125
4123
4122
4121
4120
4119
4118
4117
4116
4115
4114
4113
4112
4111
4110
4109
4108
4106
4103
4101
4100
4099
3617
3615
3614
3613
3612
3611
3609
3608
3607
3604
3602
3601
3593
3591
884
882
879
877
876
875
874
872
871
870
869
866
863
860
858
857
2865
2864
2862
2861
2860
2859
2855
2854
2851
2850
2848
2847
2845
2839
2594
2593
2590
2589
2588
2586
2585
2584
2582
2581
2580
2579
2578
2577
2576
2573
2570
2569
2568
2566
2685
2683
2681
2678
2676
2675
2673
2672
2671
2669
2664
2663
2662
2661
2660
2656
2145
2144
2142
2141
2140
2136
2134
2133
2131
2129
2128
2127
2125
2123
2122
2120
2119
2117
4668
4667
4661
4660
4658
4655
4654
4653
4652
4651
4650
4649
4648
4647
4644
4642
4641
1754
1753
1752
1749
1748
1745
1744
1743
1741
1740
1739
1736
1735
1731
1730
1729
1727
1726
4789
4787
4785
4784
4782
4781
4777
4775
4774
4773
4771
4770
4769
4768
4766
4762
4761
4760
4608
4607
4606
4605
4602
4601
4600
4597
4595
4594
4593
4591
4590
4589
4588
4587
4586
4585
4584
4581
4579
4456
4453
4446
4445
4439
4437
4436
4434
4433
4431
4430
4429
1361
1357
1355
1353
1351
1350
1349
1348
1347
1346
1341
1339
1338
1336
854
852
847
846
843
841
840
839
838
837
836
835
833
831
830
828
826
1905
1903
1902
1898
1895
1894
1889
1888
1885
1879
1878
1877
1876
1301
1300
1299
1296
1290
1289
1283
1282
1278
1276
4157
4155
4154
4152
4151
4150
4149
4148
4145
4143
4142
4141
4139
4136
4135
4133
4132
4129
3075
3074
3073
3072
3070
3068
3067
3066
3065
3063
3062
3061
3060
3057
3052
3050
3049
3048
4486
4485
4484
4482
4481
4480
4479
4478
4476
4474
4471
4470
4469
4466
4463
4461
4459
3917
3914
3912
3911
3910
3908
3905
3904
3899
3898
3897
3896
3893
3892
3891
3890
3889
2294
2293
2289
2287
2286
2285
2283
2282
2281
2280
2279
2276
2274
2273
2271
2269
2268
2267
2266
675
674
673
672
671
670
669
668
667
666
665
664
663
662
661
660
659
658
657
656
655
654
653
652
651
650
649
648
647
646
2655
2653
2652
2651
2650
2649
2648
2647
2646
2645
2644
2643
2642
2641
2640
2639
2636
2635
2634
2633
2632
2631
2630
2628
1065
1064
1063
1057
1055
1053
1051
1050
1049
1047
1045
1041
1039
1036
3198
3194
3193
3192
3190
3189
3188
3187
3186
3182
3181
3180
3179
3178
3173
3172
3558
3557
3555
3554
3552
3550
3549
3548
3545
3544
3538
3533
3530
3529
1513
1511
1508
1505
1502
1501
1498
1490
4729
4725
4723
4720
4717
4713
4712
4709
4708
4706
4705
4704
4703
4700
1693
1683
1682
1681
1680
1679
1678
1677
1676
1675
1674
1673
1671
1669
1667
1662
1661
1657
1656
1654
1651
1647
1645
1644
1643
1642
1641
1640
1639
1638
1637
1636
3468
3467
3465
3463
3461
3456
3455
3454
3452
3451
3450
3448
3447
3444
3443
3442
3441
1419
1415
1414
1411
1410
1409
1408
1407
1406
1404
1402
1399
1397
1396
1544
1543
1541
1537
1534
1532
1530
1521
1519
3948
3947
3946
3945
3943
3941
3938
3935
3932
3929
3928
3921
3920
3828
3827
3826
3824
3821
3819
3818
3815
3814
3813
3811
3810
3808
3806
3805
3804
3801
3800
4846
4845
4843
4841
4840
4838
4836
4835
4834
4831
4829
4828
4827
4826
4824
4822
4821
4820
3288
3287
3285
3284
3283
3282
3281
3278
3275
3274
3273
3272
3270
3268
3267
3266
3265
3264
3263
3260
3259
2624
2623
2622
2620
2619
2618
2617
2616
2614
2613
2612
2611
2610
2609
2608
2606
2605
2604
2602
2600
2599
825
823
820
819
816
810
807
804
802
801
800
798
797
3498
3496
3495
3494
3491
3490
3489
3488
3486
3481
3476
3472
3469
4398
4397
4394
4393
4392
4390
4389
4388
4387
4386
4383
4381
4380
4379
4376
4375
4374
4371
4370
4369
2535
2534
2529
2524
2523
2522
2521
2520
2518
2517
2516
2513
2512
2511
2510
2509
3405
3403
3400
3397
3396
3395
3393
3389
3388
3387
3386
3385
3384
3383
3382
3380
4699
4698
4697
4696
4690
4689
4688
4687
4686
4685
4684
4683
4682
4680
4678
4677
4676
4675
4674
4673
4672
705
704
703
702
701
700
699
698
697
696
695
694
693
692
691
690
689
688
687
686
685
684
683
682
681
680
679
678
677
676
4368
4365
4364
4363
4360
4359
4356
4355
4354
4352
4351
4347
4346
4341
4340
4339
915
914
913
912
911
910
909
908
907
906
905
904
903
902
901
900
899
897
893
892
889
886
2924
2923
2922
2921
2918
2915
2911
2908
2906
2905
2904
2903
2901
2900
2896
2986
2985
2982
2981
2980
2978
2977
2975
2974
2972
2971
2970
2968
2966
2965
2964
2960
2959
2957
2956
2894
2893
2891
2890
2887
2886
2884
2883
2882
2881
2880
2879
2878
2877
2876
2874
2873
2872
2871
2870
2868
2866
4544
4543
4542
4536
4535
4533
4532
4528
4527
4526
4523
4522
3855
3854
3853
3852
3850
3846
3845
3844
3843
3842
3841
3838
3837
3834
3833
3832
3831
3830
3829
1875
1874
1873
1872
1871
1868
1867
1866
1864
1861
1859
1856
1854
1853
1851
2445
2443
2442
2441
2440
2439
2438
2437
2436
2433
2432
2426
2425
2424
2423
2422
2421
2420
2416
1125
1116
1113
1112
1106
1105
1104
1099
1096
2174
2173
2170
2169
2168
2167
2165
2162
2161
2160
2159
2155
2152
2151
2150
2148
2147
795
794
789
787
786
783
778
774
773
771
770
769
3258
3256
3255
3254
3253
3252
3250
3249
3245
3244
3243
3242
3241
3240
3239
3238
3237
3235
3232
3230
3229
3438
3435
3433
3432
3431
3429
3427
3426
3424
3422
3421
3420
3419
3418
3417
3414
3412
3411
3977
3976
3975
3974
3972
3971
3970
3968
3966
3965
3963
3962
3961
3960
3958
3954
3952
3951
3950
4068
4067
4065
4064
4063
4061
4060
4058
4057
4056
4053
4047
4043
4042
4041
4040
2085
2084
2083
2076
2075
2072
2069
2068
2067
2066
2065
2064
2063
2060
2059
2058
2057
2056
1724
1722
1721
1719
1715
1712
1711
1710
1709
1708
1706
1703
1702
1701
1700
1699
1698
1697
4096
4095
4094
4092
4091
4090
4088
4086
4085
4083
4082
4081
4074
4071
4069
4307
4303
4301
4300
4299
4298
4296
4295
4294
4292
4290
4288
4285
4284
4283
4281
4279
2714
2713
2711
2710
2707
2706
2703
2702
2701
2697
2694
2693
2690
2689
2688
2687
2686
2775
2773
2772
2769
2768
2767
2766
2763
2762
2761
2760
2759
2758
2754
2753
2752
2751
2750
2746
1245
1242
1237
1236
1235
1234
1230
1229
1228
1227
1220
1218
2834
2833
2832
2829
2824
2823
2820
2819
2817
2815
2814
2812
2811
2810
2808
2807
2806
4905
4904
4901
4900
4899
4898
4895
4894
4893
4892
4891
4890
4889
4888
4887
4883
4881
1485
1482
1481
1479
1477
1472
1471
1469
1468
1461
1458
3168
3166
3165
3164
3163
3158
3157
3153
3148
3147
3146
3145
3143
3141
3138
4880
4877
4876
4873
4870
4867
4866
4865
4863
4860
4859
4858
4857
4856
4855
4854
4853
4851
4637
4635
4633
4629
4626
4625
4624
4623
4620
4619
4618
4617
4616
4615
4614
4612
4611
4610
1635
1633
1632
1630
1628
1627
1625
1624
1623
1621
1620
1619
1617
1615
1614
1612
1610
1608
2563
2562
2561
2560
2559
2558
2557
2556
2555
2554
2553
2552
2550
2549
2548
2547
2546
2545
2540
2539
2538
2537
2536
945
942
939
937
936
935
934
933
932
931
930
929
928
927
926
925
924
923
922
921
920
919
918
917
916
1028
1026
1023
1022
1021
1020
1017
1016
1015
1013
1011
1008
3588
3583
3581
3579
3578
3577
3572
3571
3568
3567
3565
3562
3561
3559
2744
2743
2742
2741
2740
2736
2735
2734
2733
2732
2730
2727
2726
2725
2724
2723
2722
2721
2720
2719
2717
2716
2352
2351
2350
2348
2347
2346
2345
2344
2343
2342
2341
2340
2339
2337
2334
2326
2805
2804
2801
2800
2799
2798
2797
2794
2793
2792
2791
2790
2789
2787
2786
2785
2783
2782
2781
2779
2778
2777
1965
1964
1963
1962
1961
1960
1959
1957
1956
1953
1952
1951
1950
1949
1947
1945
1944
1943
1940
1938
1937
3047
3046
3045
3044
3043
3042
3041
3038
3037
3036
3035
3034
3033
3032
3031
3030
3029
3028
3027
3026
3025
3024
3023
3020
3019
3018
