508
506
503
502
499
496
493
492
490
489
484
483
539
538
537
536
534
532
524
523
521
518
751
749
744
743
742
741
740
732
731
728
179
177
176
175
166
164
159
157
152
1
360
359
358
357
356
355
353
352
351
348
347
343
342
341
338
337
335
332
479
478
476
474
470
469
466
465
463
456
453
390
389
388
387
386
383
380
378
374
373
371
370
369
367
365
363
362
91
90
89
88
87
86
85
84
83
82
81
80
79
78
77
76
75
74
73
72
71
70
69
68
67
66
65
64
63
62
331
330
329
328
327
326
325
324
323
322
321
319
318
317
316
315
314
313
312
311
310
308
307
628
627
621
619
617
61
60
59
58
57
56
55
54
53
52
51
50
49
48
47
46
45
44
43
42
41
40
39
38
37
36
35
34
33
32
449
447
442
441
437
433
431
429
428
424
271
270
265
259
258
257
255
254
253
252
249
247
246
244
243
242
710
697
695
694
692
31
30
29
28
27
26
25
24
23
22
21
20
19
18
17
16
15
14
13
12
11
10
9
8
7
6
5
4
3
2
690
685
682
676
666
665
210
209
207
206
205
204
203
199
198
190
189
188
185
183
182
569
568
566
564
563
562
558
553
550
548
545
542
121
120
116
115
114
113
112
111
110
109
108
107
106
105
104
103
102
101
100
99
98
97
96
95
94
93
92
411
410
405
396
395
394
393
661
660
659
654
653
652
651
647
646
643
642
640
636
635
634
632
598
595
594
593
583
580
577
139
138
136
135
134
133
127
122
241
240
239
238
237
236
235
234
233
232
231
230
225
221
214
212
300
299
298
297
296
295
291
286
285
284
283
281
280
278
275
