4335
4333
4329
4325
4322
4318
4317
4316
4315
4314
4313
4312
4311
5749
5746
5745
5744
5742
5740
5739
5738
5736
5731
5730
5729
5726
5724
919
917
916
915
914
913
911
910
909
907
901
899
898
896
895
894
890
1908
1905
1904
1902
1901
1897
1896
1894
1892
1891
1888
1885
1883
1881
1880
120
119
118
117
1878
1877
1875
1873
1868
1866
1865
1863
1862
1861
1858
1854
1851
1850
2659
2657
2656
2649
2645
2641
2636
2632
2631
1274
1271
1270
1269
1267
1266
1265
1264
1263
1262
1261
1259
3769
3764
3760
3759
3755
3754
3753
3752
3750
3749
3748
3745
3744
3743
3740
2389
2384
2378
2368
2367
2366
2365
2364
2363
2362
2361
2360
4279
4278
4277
4276
4275
4271
4269
4267
4265
4264
4263
4262
4261
4252
5777
5775
5773
5770
5769
5768
5767
5765
5762
5761
5760
5757
5756
5754
5752
5751
3649
3644
3640
3639
3635
3634
3625
3624
3621
3620
3524
3521
3515
3514
3512
3509
3508
3507
3505
3502
3501
3500
5988
5986
5984
5983
5982
5981
5978
5971
5970
5968
5967
5966
5964
5963
5960
4009
4002
4001
4000
3995
3988
3985
3984
3983
3981
616
596
592
3405
3404
3403
3400
3399
3398
3390
3389
3387
3386
3383
3381
3380
1097
1096
1095
1092
1091
1090
1089
1085
1084
1083
1080
1078
1076
1072
1071
1070
1459
1458
1457
1456
1455
1454
1451
1449
1448
1447
1446
1443
1437
1436
1435
1434
1433
1431
1430
2898
2893
2892
2889
2877
2876
2872
2871
859
857
856
855
850
848
847
845
844
842
841
840
838
835
834
833
2329
2327
2325
2319
2317
2315
2313
2311
2310
2309
2308
2306
2305
2304
2302
2297
2295
2290
2289
2287
2285
2283
2282
2281
2278
2277
2276
2274
2273
2271
2748
2747
2743
2742
2741
2740
2734
2732
2728
2727
2726
2723
2720
1218
1216
1215
1214
1213
1212
1211
1210
1209
1208
1207
1206
1202
1199
1198
1197
1196
1195
1194
1192
1309
1305
1303
1299
1298
1297
1296
1295
1280
1609
1601
1597
1596
1593
1591
1590
1589
1588
1587
1586
1584
1580
4369
4368
4367
4365
4360
4356
4355
4354
4353
4351
4346
4344
4342
4340
3889
3886
3884
3882
3876
3875
3873
3872
3870
3868
3867
3864
3862
5418
5417
5416
5413
5411
5409
5407
5406
5404
5402
5397
5396
5395
5393
4876
4875
4872
4871
4868
4864
4860
4859
4857
4851
4218
4217
4215
4214
4205
4202
4199
4193
4192
4190
379
373
371
364
362
358
4548
4543
4542
4539
4538
4531
4529
5089
5088
5082
5081
5080
5079
5076
5074
5073
5071
5070
5066
5064
1487
1482
1479
1476
1471
1467
1462
197
196
193
191
187
186
181
170
2599
2598
2595
2594
2592
2591
2589
2586
2584
2580
2579
2578
2577
2570
5179
5178
5175
5173
5172
5171
5170
5167
5165
5164
5162
5160
5159
5157
5153
2958
2955
2950
2947
2945
2943
2941
2939
5238
5237
5236
5235
5233
5232
5231
5230
5229
5228
5227
5223
5222
5221
5220
5219
5217
5215
5211
5210
5599
5598
5597
5595
5593
5591
5590
5588
5586
5582
5581
5580
5578
5577
5571
5570
5148
5147
5146
5145
5143
5140
5136
5135
5134
5132
5131
5128
5127
5126
5123
5122
5120
448
5717
5716
5715
5711
5708
5707
5706
5703
5702
5701
5699
5697
5696
5695
2719
2717
2715
2714
2711
2709
2707
2704
2701
2696
2694
2986
2985
2981
2978
2976
2975
2973
2972
2971
2968
2967
2964
5029
5028
5023
5019
5017
5015
5012
5007
5003
5002
5000
5628
5622
5619
5618
5616
5612
5602
5600
4759
4756
4752
4745
4744
4743
4741
4740
4738
4736
4735
4734
4733
4730
3468
3464
3463
3460
3457
3456
3455
3451
3449
3447
3446
3443
3442
3441
5328
5327
5318
5315
5314
5313
5311
5308
5307
5305
5303
5302
5301
5300
2500
2496
2495
2492
2484
4187
4186
4185
4176
4174
4170
4169
4167
4166
4164
4161
4160
1039
1037
1036
1035
1028
1023
1021
1018
1015
1012
1010
3700
3696
3694
3690
3689
3686
3685
739
738
737
736
735
733
732
730
727
724
723
720
719
712
711
710
1428
1426
1424
1422
1421
1419
1418
1417
1415
1414
1412
1410
1407
1406
1405
1404
1402
5568
5567
5565
5564
5562
5561
5559
5558
5557
5555
5554
5553
5552
5551
5544
5540
3498
3497
3491
3486
3484
3483
3481
3480
3478
3473
3471
1538
1537
1536
1535
1534
1529
1528
1524
1523
1520
4909
4908
4905
4903
4902
4899
4898
4897
4896
4895
4893
4891
4889
4887
4886
4884
5867
5866
5865
5861
5858
5857
5856
5855
5847
5846
5845
5840
5298
5297
5296
5295
5294
5293
5292
5287
5286
5285
5282
5280
5279
5277
5274
5272
5270
3198
3196
3195
3194
3193
3191
3190
3189
3188
3187
3186
3184
3181
3180
3178
3174
3172
3171
3170
2144
2142
2141
2140
2139
2138
2137
2135
2134
2133
2132
2128
2122
2121
1669
1667
1665
1658
1657
1656
1655
1654
1653
1650
1647
1646
1644
1641
1640
4129
4127
4126
4121
4120
4119
4118
4117
4116
4115
4113
4111
4107
4106
4105
4101
4100
4967
4960
4958
4956
4951
4948
4947
4946
4945
4943
4942
888
887
886
883
882
880
879
878
875
871
869
866
865
862
861
1398
1397
1396
1394
1392
1391
1386
1376
1375
1374
1373
1372
1371
1370
2054
2052
2048
2045
2043
2035
2034
2032
4069
4065
4064
4063
4062
4061
4059
4056
4053
4048
4047
4045
4042
4040
949
948
946
945
941
940
939
938
934
933
930
928
927
926
925
923
922
921
920
4458
4457
4454
4452
4451
4446
4444
4443
4441
4440
4437
4435
4434
4433
4431
2176
2173
2172
2171
2170
2167
2165
2164
2163
2162
2157
2156
2155
2154
2153
2152
2151
2354
2352
2351
2350
2348
2345
2340
2339
2338
2334
2332
2330
585
584
582
581
580
576
575
568
564
563
5057
5055
5054
5051
5049
5047
5044
5042
5041
5040
5039
5038
5037
5036
5035
5034
5033
5032
5031
649
646
645
644
643
642
641
640
639
637
636
634
633
632
628
625
622
621
4729
4725
4724
4722
4721
4719
4718
4717
4714
4711
4709
4708
4705
4704
4703
4702
4701
4700
4485
4484
4481
4480
4479
4473
4470
4468
4466
4463
4460
5688
5680
5679
5677
5674
5669
5668
5667
5666
5664
5663
5662
5661
5660
317
316
311
304
303
301
300
298
292
5208
5206
5205
5203
5202
5199
5197
5196
5195
5193
5192
5190
5187
5186
5185
5184
5182
5181
2208
2206
2204
2202
2199
2197
2194
2193
2192
2191
2190
2189
2183
2182
2180
1968
1965
1960
1957
1956
1954
1952
1951
1949
1946
1942
1941
4099
4096
4093
4091
4086
4085
4082
4080
4076
4073
4072
4070
5504
5503
5499
5498
5493
5492
5491
5490
5487
5486
5485
5484
5483
5482
2028
2026
2024
2023
2021
2018
2013
2010
2009
2008
2007
2006
2005
2004
2003
2002
2001
408
399
397
394
393
388
381
4787
4785
4783
4782
4781
4780
4779
4778
4775
4774
4773
4772
4771
4769
4768
4767
4766
4764
4762
4761
4760
1759
1758
1756
1755
1754
1753
1752
1750
1748
1747
1746
1745
1744
1743
1741
1739
1736
1734
1731
2239
2238
2236
2235
2232
2231
2230
2228
2227
2226
2225
2219
2218
2217
2214
2213
2211
824
823
822
821
816
814
812
811
809
806
805
803
802
801
3259
3258
3256
3254
3252
3251
3249
3243
3242
3241
3240
3238
3237
3235
3233
3231
3230
678
677
676
674
673
672
669
668
667
666
665
663
661
659
657
656
655
654
650
1369
1368
1361
1360
1359
1358
1357
1356
1355
1352
1350
1348
1344
1343
1342
1340
3979
3978
3977
3976
3974
3972
3969
3967
3964
3963
3962
3961
3960
3959
3957
3954
3952
3950
2479
2478
2475
2474
2470
2469
2467
2464
2463
2461
2460
2456
2269
2264
2263
2258
2257
2256
2252
2248
2247
2245
2244
2242
2446
2444
2436
2435
2433
2429
2427
2426
2424
2422
1785
1783
1782
1781
1780
1778
1777
1776
1775
1774
1771
1770
1769
1768
1766
1765
1762
1761
5959
5947
5946
5944
5943
5939
5937
5936
5935
5933
3619
3618
3614
3611
3609
3607
3605
3599
3597
3596
3595
3594
3593
3592
3591
3590
5119
5113
5111
5109
5108
5106
5105
5104
5102
5100
5098
5094
5092
3131
3130
3129
3128
3127
3126
3125
3123
3122
3121
3114
3113
3110
5269
5262
5261
5260
5257
5256
5255
5254
5252
5251
5250
5249
5245
5243
5242
5241
3917
3915
3911
3904
3903
3902
3899
3897
3895
3892
3890
979
978
970
967
966
965
961
959
956
953
951
950
1153
1149
1146
1145
1143
1141
1136
1133
1132
1131
5929
5928
5925
5924
5923
5922
5920
5918
5917
5916
5915
5911
5910
5909
5906
5905
5903
5900
4429
4424
4422
4417
4416
4415
4414
4413
4412
4411
4409
4408
4403
4402
3678
3675
3672
3668
3664
3663
3662
3660
3658
3657
3656
3655
3653
3652
3650
2859
2855
2854
2853
2852
2848
2846
2843
5449
5441
5439
5436
5435
5430
5428
5425
5422
3589
3586
3584
3581
3578
3577
3576
3574
3573
3572
3571
3570
3569
3566
3563
3562
4819
4818
4816
4814
4812
4809
4805
4804
4802
4800
4799
4796
4795
4794
4792
4791
2626
2624
2620
2619
2618
2615
2612
2611
2609
2608
2605
2602
2600
280
274
3076
3072
3070
3064
3061
3060
3059
3057
3056
3055
1006
1005
1003
1002
1001
998
997
995
994
993
992
991
988
987
985
981
980
5808
5807
5806
5804
5802
5796
5794
5790
5789
5788
5787
5784
5783
5782
5781
554
553
552
547
543
541
540
539
537
536
534
4606
4605
4604
4602
4600
4599
4598
4594
4593
4592
4591
4588
4587
4586
4583
4580
5358
5357
5355
5353
5350
5349
5348
5347
5346
5345
5344
5343
5342
5341
5339
5337
5334
5331
5330
4037
4035
4033
4032
4028
4027
4020
4018
4014
4013
217
3288
3286
3280
3272
3271
3270
3269
3268
3266
3265
3263
3262
2119
2117
2114
2113
2110
2108
2105
2103
2098
2095
2092
2091
1819
1818
1813
1809
1808
1807
1803
1799
1798
1793
1792
347
346
345
339
336
335
334
333
329
328
528
527
524
520
518
516
515
506
2539
2532
2531
2530
2529
2528
2524
2523
2521
2520
2515
2513
2512
2511
2510
2687
2686
2671
2666
2664
2662
2661
4699
4698
4697
4694
4693
4692
4691
4689
4688
4687
4686
4685
4684
4682
4681
4680
4678
4674
4672
4671
4670
3828
3827
3825
3823
3822
3819
3817
3816
3811
3810
3808
3807
3859
3858
3856
3855
3853
3852
3851
3850
3849
3847
3846
3836
3831
5659
5658
5657
5656
5653
5648
5647
5645
5644
5640
5639
5634
3739
3735
3734
3733
3732
3731
3729
3728
3727
3726
3719
3715
3713
3710
799
797
794
793
792
791
790
788
786
785
783
782
780
779
771
770
4156
4154
4150
4149
4148
4147
4146
4145
4144
4140
4139
4138
4137
4131
4130
1634
1631
1628
1626
1618
1617
1615
1614
1611
1610
1246
1245
1244
1241
1238
1233
1231
1229
1228
1227
1226
1222
1221
2805
2803
2798
2796
2792
2787
2786
2781
2780
4939
4938
4934
4933
4932
4929
4923
4922
4921
4919
4918
4917
4916
4915
4912
4911
4910
5899
5898
5895
5894
5892
5891
5889
5885
5884
5883
5882
5879
5878
5876
5875
5871
5870
3559
3556
3555
3553
3549
3541
3540
3534
3531
3530
709
708
707
705
704
701
700
697
692
685
683
681
3949
3948
3947
3944
3943
3942
3941
3940
3939
3938
3937
3936
3935
3932
3928
3926
3924
167
165
3798
3797
3796
3794
3793
3792
3791
3790
3781
3774
3772
3770
3229
3228
3227
3226
3225
3222
3221
3219
3216
3212
3210
3209
3207
3206
3204
3203
3202
3201
3200
2086
2083
2081
2080
2079
2076
2075
2074
2063
2062
1578
1575
1571
1567
1566
1565
1564
1561
1559
1558
1557
1556
1555
1553
1552
1551
3349
3339
3334
3323
3322
3321
4518
4515
4504
4502
4499
4497
4494
3316
3313
3306
3300
3294
3293
3292
3291
5839
5836
5834
5833
5830
5824
5822
3109
3108
3107
3106
3104
3101
3100
3097
3096
3092
3090
3089
3088
3081
3080
2839
2838
2835
2831
2827
2823
2822
2820
2817
2812
1519
1516
1515
1512
1511
1507
1506
1505
1504
1499
1496
1495
1494
1492
1491
4848
4847
4846
4843
4842
4841
4840
4839
4838
4835
4834
4832
4830
4829
4828
4827
4826
4824
4822
4821
4820
5387
5384
5383
5381
5380
5379
5374
5373
5369
5365
5364
5363
5361
5360
1127
1126
1123
1116
1114
1112
1110
1107
1105
1104
2565
2562
2560
2559
2555
2552
2551
2550
2549
2547
2546
4995
4994
4991
4990
4984
4983
4982
4981
4980
4979
4977
4976
4975
4973
1698
1696
1694
1693
1692
1691
1689
1685
1683
1682
1681
1679
1677
1676
1673
1672
1670
4639
4637
4634
4629
4628
4626
4624
4623
4620
4619
4617
4612
4669
4667
4666
4660
4659
4658
4657
4654
4652
4649
4648
4647
4646
4645
4644
4643
4641
4640
4242
4238
4237
4235
4231
4227
4225
4224
4221
4220
4308
4305
4302
4301
4298
4297
4296
4293
4290
4289
4288
4287
4284
4283
4281
4578
4576
4575
4574
4571
4567
4566
4562
4560
4558
4557
4556
4550
1187
1186
1184
1181
1179
1178
1176
1172
1171
1170
1166
1165
1163
1162
1160
3439
3438
3435
3430
3428
3424
3423
3422
3416
3415
2928
2927
2924
2923
2921
2914
2913
2912
2906
5479
5476
5474
5473
5472
5470
5469
5466
5462
5460
5455
5454
5450
3049
3048
3047
3046
3045
3043
3041
3040
3037
3033
3031
3030
3022
3021
1934
1933
1931
1929
1928
1927
1922
1920
1919
1916
1914
1913
1912
1911
3375
3370
3369
3365
3363
3362
3360
3358
3355
3352
3351
1729
1727
1726
1722
1720
1719
1718
1717
1714
1713
1712
1705
1704
1703
1701
1848
1847
1845
1844
1843
1840
1839
1838
1837
1835
1834
1831
1829
1828
1827
1826
1825
1823
1821
1069
1068
1067
1065
1063
1062
1057
1056
1055
1054
1053
1051
1050
1048
1046
1044
1043
1042
1040
439
438
433
432
427
425
424
420
419
417
414
413
412
4399
4395
4388
4387
4386
4384
4383
4379
4378
4376
4373
4372
3019
3018
3017
3016
3015
3013
3004
3003
3002
3001
3000
2999
2994
2992
2991
498
490
486
483
482
479
470
767
765
763
759
757
746
741
740
1999
1997
1996
1995
1991
1990
1984
1983
1981
1980
1979
1978
1973
1972
1971
1970
5539
5536
5535
5534
5533
5532
5531
5530
5529
5527
5524
5519
5515
5511
1339
1326
1325
1324
1323
1321
1320
1319
1316
1315
1311
2779
2777
2774
2772
2768
2767
2766
2765
2764
2763
2762
2761
2760
2759
2758
2752
3169
3168
3165
3164
3160
3157
3156
3151
3149
3146
3143
3141
2416
2411
2409
2402
2401
2400
2399
2391
2390
