4003
4001
4000
3998
3997
3996
3995
3993
3992
3988
3987
3986
3985
3982
3980
3979
3978
11210
11209
11208
11204
11203
11201
11200
11198
11195
11193
11191
11190
11189
11188
11187
11184
11181
4757
4755
4754
4753
4752
4751
4749
4748
4747
4746
4744
4742
4740
4738
4737
4736
4735
4734
4732
4730
4729
4728
10668
10665
10663
10662
10661
10660
10658
10656
10655
10652
10647
10645
10644
10643
13610
13599
13598
13595
13594
13591
13589
13588
13587
13586
13585
13584
13583
13582
13581
8358
8354
8353
8347
8346
8344
8343
8341
8340
10908
10907
10906
10904
10903
10899
10896
10894
10892
10888
10887
10883
10881
5626
5625
5624
5623
5622
5620
5619
5618
5614
5613
5612
5611
5610
5609
5608
5606
5605
5604
5603
5599
8707
8706
8704
8696
8695
8929
8928
8926
8925
8924
8919
8918
8917
8916
8906
8904
8901
8900
10550
10549
10548
10545
10544
10540
10539
10534
10533
10529
10528
10527
10524
10522
4667
4665
4664
4660
4659
4655
4654
4653
4650
4649
4648
4647
4646
4645
4644
4643
4642
4641
4640
9944
9940
9939
9938
9935
9932
9931
9930
12830
12829
12827
12825
12823
12821
12820
12819
12817
12815
12814
12812
12810
12809
12807
12806
12805
12803
12802
7303
7293
7290
7289
7285
7283
7279
3826
3823
3820
3817
3816
3814
3813
3812
3811
3810
3809
3808
3807
3806
3805
3804
3803
3801
3800
3799
3798
10755
10753
10752
10747
10745
10743
10741
10739
10738
10737
10736
10735
10734
10732
4307
4304
4302
4300
4298
4297
4296
4294
4293
4292
4285
4284
4283
4282
4281
4280
4278
11898
11897
11896
11895
11894
11892
11891
11885
11884
11877
11874
8507
8505
8504
8503
8500
8498
8495
8494
8493
8492
8489
8488
8487
8486
8088
8086
8081
8075
8073
8069
8064
8062
8060
3257
3255
3254
3252
3249
3247
3245
3242
3241
3235
3232
3231
3230
3228
12170
12166
12165
12164
12163
12159
12157
12154
12150
12149
12147
12146
12145
12143
12142
9768
9761
9752
9751
9750
9742
9741
3646
3642
3641
3640
3636
3632
3631
3630
3626
3621
3619
3618
9830
9826
9823
9820
9819
9817
9816
9815
9814
9811
9810
9807
9806
9805
9804
9803
7877
7874
7870
7869
7861
7860
7859
7858
7856
7855
2297
2295
2294
2293
2292
2291
2290
2289
2288
2287
2286
2285
2284
2283
2282
2281
2278
2277
2274
13730
13728
13727
13725
13724
13723
13722
13720
13718
13713
13710
13708
13707
13705
13704
13703
13702
13130
13128
13125
13121
13114
13113
13112
13111
13107
13105
10730
10729
10727
10725
10724
10718
10717
10710
10709
10708
3406
3401
3395
3393
3391
3390
3388
3387
3386
3382
3381
6375
6374
6373
6370
6359
6357
6356
6355
6354
6353
6352
10609
10607
10606
10605
10604
10598
10597
10593
10591
10589
10586
3437
3436
3434
3433
3427
3422
3421
3417
3410
3409
12320
12319
12316
12314
12313
12312
12311
12310
12306
12304
12303
12300
12299
12295
12294
5598
5595
5594
5592
5591
5589
5588
5587
5585
5584
5583
5582
5580
5578
5576
5574
5572
5267
5265
5264
5263
5261
5255
5251
5249
5247
5245
5243
5241
5240
5239
8026
8024
8023
8022
8020
8019
8018
8016
8015
8010
8009
8008
8006
8005
8003
8002
7999
5893
5889
5886
5884
5881
5879
5878
5877
5876
5875
5873
5872
5871
5870
4273
4272
4270
4269
4267
4266
4259
4256
4255
4251
4248
10278
10277
10276
10275
10268
10265
10263
10262
10261
10259
10257
10254
10253
10880
10879
10878
10872
10871
10870
10869
10868
10867
10866
10865
10864
10861
10860
10859
10858
10855
10854
10853
10852
11660
11659
11655
11652
11650
11649
11648
11646
11643
11642
11632
4816
4813
4811
4809
4807
4806
4802
4801
4799
4798
4797
4796
4794
4791
4790
4789
4788
7008
7007
7006
7005
7004
7003
7002
7001
7000
6999
6998
6997
6994
6992
6991
6990
6989
6987
6985
6982
6981
12650
12648
12642
12639
12637
12636
12635
12632
12630
12629
12626
5986
5984
5983
5982
5981
5980
5979
5978
5976
5975
5970
5969
5968
5966
5962
5961
5960
5959
11599
11598
11597
11595
11593
11591
11590
11588
11585
11584
11582
11581
11579
11576
11575
12468
12466
12464
12463
12456
12455
12454
12453
12450
12447
12446
12445
12444
12443
12442
12500
12498
12496
12495
12494
12493
12492
12490
12489
12487
12482
12480
12479
12478
12475
12474
12473
12472
12471
3377
3376
3374
3367
3364
3363
3360
3359
3357
3354
3353
3352
3350
3349
5387
5383
5382
5378
5377
5371
5369
5368
5363
5361
5360
7338
7332
7330
7328
7327
7326
7325
7320
7317
7312
7310
4907
4906
4902
4898
4897
4896
4894
4893
4892
4890
4889
4888
4887
4886
4885
4884
4882
4880
4879
7277
7274
7272
7264
7258
7255
7252
11719
11718
11717
11716
11714
11713
11712
11711
11710
11709
11708
11707
11703
11701
11700
11695
11692
11691
7397
7396
7395
7394
7391
7390
7389
7386
7381
7379
7377
7373
7371
7370
7369
7518
7517
7516
7515
7514
7512
7509
7508
7506
7505
7504
7503
7502
7500
7499
7498
7497
7496
7494
7493
7491
7490
7489
10635
10634
10631
10629
10626
10625
10622
10619
10617
10615
10614
10612
5117
5116
5113
5111
5110
5108
5104
5103
5101
5100
5099
5098
5097
5095
5094
5090
5088
12858
12857
12856
12855
12854
12853
12852
12851
12850
12849
12847
12846
12845
12844
12843
12839
12835
12833
8178
8175
8173
8172
8169
8168
8165
8160
8156
8153
8152
10190
10188
10187
10186
10184
10181
10180
10179
10177
10175
10173
10172
10171
10167
10166
10165
10164
6918
6916
6915
6914
6913
6911
6910
6909
6903
6899
6895
6891
2447
2446
2444
2443
2442
2441
2440
2439
2438
2437
2436
2435
2434
2433
2432
2431
2430
2427
2426
2425
2424
2422
2421
2420
2419
2418
12020
12019
12018
12017
12016
12013
12012
12010
12009
12008
12006
12005
12002
12000
11999
11996
11995
7154
7150
7148
7144
7142
7140
7139
7137
7136
7132
7131
7935
7932
7929
7928
7927
7926
7920
7918
7916
7913
7911
6588
6587
6586
6585
6583
6579
6578
6572
6567
6566
6565
6564
6563
6562
6561
6560
6559
7188
7183
7182
7179
7174
7166
7163
7160
7159
6618
6617
6616
6615
6611
6604
6603
6599
6597
6596
6595
6594
6593
6592
6591
6590
6589
11988
11986
11981
11980
11979
11978
11977
11976
11972
11971
11969
11967
11963
5536
5534
5533
5531
5530
5528
5526
5525
5524
5522
5520
5516
5513
5507
5501
5500
5499
5495
5493
5492
5491
5490
5487
5486
5485
5482
5479
6018
6017
6015
6013
6012
6011
6008
6006
6004
6003
6001
6000
5996
5995
5992
2867
2866
2865
2864
2863
2862
2858
2856
2852
2850
2849
2847
2846
2843
2842
2841
2840
2839
2838
7813
7810
7809
7808
7807
7801
7797
7795
7793
7791
7790
11326
11325
11324
11323
11322
11321
11320
11319
11318
11317
11315
11314
11313
11312
11310
11309
11307
11305
11304
7578
7576
7575
7572
7568
7567
7566
7563
7558
7557
7556
7553
7552
7551
7550
7549
3736
3735
3734
3733
3732
3728
3724
3723
3721
3720
3718
3713
3711
3710
3709
8448
8446
8444
8442
8439
8438
8437
8436
8434
2535
2534
2533
2532
2531
2529
2528
2527
2523
2522
2521
2520
2519
2516
2515
2514
2513
2512
2511
4487
4486
4485
4483
4482
4479
4476
4475
4472
4468
4467
4466
4465
4463
4462
4460
4459
4458
6078
6077
6076
6071
6068
6067
6066
6064
6058
6056
6055
6054
6051
6050
9680
9679
9678
9677
9673
9671
9670
9669
9667
9663
9658
9653
9651
9109
9107
9104
9101
9098
9094
9091
9088
9087
9086
9082
9081
7368
7366
7365
7363
7359
7352
7349
7348
7344
7340
10340
10339
10338
10335
10332
10331
10330
10325
10321
10319
10318
10317
10315
10314
10313
10311
6947
6943
6942
6941
6939
6938
6937
6936
6935
6933
6932
6929
6928
6926
6925
6923
6922
2177
2176
2175
2174
2173
2172
2171
2168
2167
2166
2165
2164
2162
2161
2160
2159
2158
2157
2156
2153
2152
2151
2150
2148
12200
12199
12197
12196
12195
12192
12190
12188
12187
12185
12184
12183
12180
12177
2956
2951
2949
2947
2946
2944
2942
2941
2940
2939
2938
2930
4127
4125
4124
4123
4122
4121
4120
4119
4113
4112
4107
4105
8058
8049
8042
8041
8040
8039
8036
8035
8033
8031
8030
8029
13820
13817
13816
13810
13809
13806
13805
13804
13803
13801
13799
13798
13791
9740
9739
9737
9733
9732
9729
9728
9727
9726
9721
9713
9712
13008
13006
13004
13003
13001
12998
12994
12991
12988
12985
12983
11628
11626
11625
11618
11617
11616
11615
11614
11613
11612
11611
11610
11609
11608
11607
11606
5057
5055
5054
5053
5052
5051
5050
5049
5047
5041
5040
5039
5032
5031
5030
5028
14118
14116
14115
14114
14112
14108
14104
14103
14102
14101
14100
14099
14097
14095
14094
14093
14092
14091
12380
12379
12375
12373
12372
12368
12366
12365
12364
12363
12362
12361
12360
12359
12356
12351
12890
12884
12883
12881
12878
12877
12876
12874
12870
12866
12865
12864
11959
11958
11955
11954
11953
11943
11942
11940
11938
11936
11935
5688
5686
5684
5682
5681
5677
5675
5672
5671
5670
5669
5668
5665
5664
5663
5662
5661
5659
6678
6677
6671
6669
6665
6661
6660
6658
6655
6654
6651
12049
12045
12043
12042
12039
12035
12034
12033
12032
12031
12028
12025
12024
12022
12410
12409
12408
12407
12404
12403
12402
12401
12400
12399
12397
12395
12394
12392
12391
12390
12389
12388
12386
12385
12384
12383
12382
2686
2685
2682
2680
2679
2678
2677
2676
2674
2673
2667
2666
2664
2663
2661
2660
2659
2658
10937
10936
10932
10930
10928
10927
10926
10925
10921
9013
9012
9011
9010
9009
9008
9005
9003
9001
8999
8998
8994
8993
8992
8991
8990
3557
3554
3553
3546
3544
3542
3541
3540
3536
3532
3530
3529
3528
12440
12439
12438
12436
12435
12433
12428
12427
12424
12423
12422
12421
12420
12419
12418
12417
12416
12415
12414
12413
12412
3973
3972
3970
3967
3966
3965
3964
3963
3957
3954
3952
3951
5657
5656
5655
5654
5653
5652
5651
5650
5648
5647
5644
5643
5641
5638
5632
13670
13664
13663
13661
13660
13659
13658
13657
13656
13654
13649
13647
13880
13879
13866
13864
13863
13861
13857
13855
13853
13852
13851
7728
7727
7725
7724
7720
7718
7717
7716
7705
7701
6435
6434
6433
6431
6429
6427
6422
6421
6420
6419
6416
6415
6413
6412
6411
6410
6409
3673
3671
3670
3667
3664
3660
3659
3654
10850
10849
10846
10845
10844
10843
10842
10834
10833
10832
10830
10829
10828
10827
10826
10825
10823
10822
10308
10307
10306
10305
10298
10296
10295
10294
10293
10292
10291
10287
10286
10285
10284
10283
10282
13158
13154
13153
13151
13147
13146
13145
13144
13142
13140
13137
13136
13135
13131
8748
8747
8746
8745
8740
8739
8736
8730
8724
8723
8722
9078
9077
9074
9070
9069
9068
9067
9066
9065
9064
9063
9061
9059
9056
9055
9052
3857
3855
3854
3853
3852
3851
3850
3849
3848
3847
3846
3845
3844
3841
3839
3835
3834
3833
3832
3831
9589
9587
9580
9579
9577
9575
9574
9573
9572
9571
9570
9569
9566
9565
9561
9560
7751
7750
7744
7742
7740
7739
7735
7730
7729
13459
13458
13457
13453
13452
13451
13450
13449
13447
13446
13445
13444
13441
13440
13439
13438
13437
13436
13435
12530
12529
12527
12526
12525
12523
12522
12521
12519
12518
12517
12516
12514
12510
12509
12506
12504
12502
6738
6735
6734
6728
6721
6717
6715
6711
6709
4995
4994
4993
4992
4991
4990
4989
4988
4987
4983
4982
4981
4980
4979
4978
4977
4976
4975
4973
4972
4969
4968
4937
4936
4935
4934
4933
4931
4927
4926
4925
4917
4916
4911
4908
5176
5175
5174
5173
5172
5171
5169
5167
5166
5165
5164
5158
5157
5156
5153
5151
5149
8657
8655
8651
8647
8638
8633
9860
9859
9858
9857
9851
9850
9849
9847
9845
9844
9843
9841
9840
9839
9837
9836
9835
9834
9833
9832
9831
9137
9135
9132
9128
9127
9125
9122
9121
9120
9119
9116
9114
9113
9112
9111
9110
5417
5416
5414
5409
5394
8476
8467
8466
8463
8462
8461
8459
8458
8456
8454
8452
8451
8450
13370
13369
13368
13364
13361
13360
13357
13356
13355
13348
13346
13343
4187
4186
4182
4181
4180
4178
4176
4175
4174
4173
4172
4171
4170
4169
4167
4165
4164
4162
4161
4158
12679
12676
12674
12673
12668
12665
12663
12662
12661
12659
12656
12652
12651
6798
6787
6784
6781
6779
6777
6773
6771
10370
10367
10361
10360
10359
10357
10356
10355
10351
10350
10349
10348
10342
10341
3584
3582
3581
3580
3579
3577
3576
3573
3572
3569
3568
3565
3564
3562
3558
7905
7902
7901
7899
7895
7893
7892
7891
7890
7889
7886
7884
7883
7882
7879
13550
13549
13545
13540
13536
13534
13533
13526
13400
13394
13393
13392
13390
13385
13384
13375
13374
13373
8807
8806
8804
8803
8802
8798
8795
8794
8789
8788
8787
8786
8780
12918
12917
12916
12915
12914
12913
12912
12911
12907
12905
12899
12898
12897
12895
12894
12893
7788
7787
7785
7781
7780
7779
7778
7777
7775
7774
7773
7769
7764
11810
11808
11806
11805
11804
11803
11799
11798
11797
11796
11795
11792
11785
11784
12587
12586
12585
12580
12578
12576
12575
12574
12573
12570
12569
12564
4577
4576
4575
4574
4573
4571
4570
4569
4567
4565
4563
4562
4561
4560
4559
4557
4555
4554
4553
4552
4551
4550
4549
4548
10039
10036
10034
10033
10031
10030
10029
10028
10024
10016
10012
8869
8864
8863
8857
8855
8854
8852
8850
8849
8844
8843
8841
3885
3884
3882
3881
3880
3879
3877
3876
3875
3874
3873
3872
3871
3870
3869
3867
3866
3865
3864
3863
3862
8539
8537
8535
8534
8533
8532
8531
8530
8526
8525
8522
8521
8517
8512
8510
4366
4363
4362
4361
4357
4356
4355
4354
4352
4351
4350
4349
4348
4345
4341
4338
8899
8898
8897
8890
8889
8887
8885
8884
8877
8872
8871
8626
8623
8617
8613
8608
8606
8604
8603
8601
2837
2836
2835
2834
2833
2832
2831
2830
2829
2828
2827
2826
2825
2824
2820
2815
2812
2811
12078
12073
12072
12069
12065
12064
12063
12061
12060
12059
12058
12057
12055
12054
12053
4516
4515
4513
4512
4508
4506
4504
4502
4501
4500
4498
4497
4495
4494
4493
4492
4491
4490
4489
4488
14087
14086
14085
14084
14081
14080
14078
14077
14076
14073
14069
14068
14066
14065
14064
14063
6763
6757
6755
6754
6751
6749
6747
6743
6742
6739
12259
12257
12256
12255
12254
12253
12252
12251
12250
12248
12247
12246
12243
12242
12241
12240
12239
12238
12237
12236
12235
12233
12231
6048
6047
6045
6043
6041
6039
6034
6033
6032
6031
6028
6025
6024
6020
6019
2145
2144
2143
2142
2141
2140
2139
2138
2137
2136
2132
2131
2130
2129
2128
2127
2126
2125
2124
2123
2120
2119
6707
6703
6701
6700
6697
6696
6695
6693
6692
6686
6685
6684
6683
6680
11269
11268
11267
11266
11265
11264
11263
11262
11261
11260
11259
11258
11256
11255
11252
11251
11248
11247
11246
6317
6316
6314
6312
6311
6308
6302
6299
6298
6297
6295
6294
6292
6290
2567
2566
2564
2561
2560
2559
2555
2553
2551
2549
2548
2547
2544
2540
3916
3915
3914
3913
3910
3904
3901
3898
3897
3895
3892
3891
12620
12616
12611
12604
12602
12596
12595
12594
2229
2228
2227
2225
2224
2221
2220
2219
2218
2217
2216
2215
2214
2213
2212
2211
2210
2209
2208
4787
4786
4785
4784
4783
4782
4781
4780
4779
4778
4777
4776
4775
4774
4773
4772
4771
4770
4769
4767
4765
4764
4762
4760
4759
4758
13040
13039
13037
13036
13035
13034
13032
13030
13029
13028
13027
13026
13022
13018
13017
13016
13015
13014
13013
13012
9198
9197
9196
9192
9190
9184
9183
9177
9176
9173
9171
9170
5568
5566
5565
5563
5562
5556
5553
5552
5549
5547
5546
5544
5543
11300
11289
11287
11282
11279
11274
11273
6198
6196
6195
6192
6191
6190
6187
6186
6185
6184
6181
6180
6179
6178
6177
6176
6174
6172
6171
6170
2327
2323
2322
2321
2320
2319
2318
2317
2316
2315
2313
2312
2310
2309
2308
2307
2306
2305
2304
2301
11925
11922
11921
11919
11917
11914
11911
8267
8266
8264
8263
8262
8260
8242
8241
4697
4696
4695
4693
4692
4691
4690
4689
4687
4686
4685
4684
4681
4680
4679
4677
4675
4674
4672
4671
4669
11749
11748
11747
11746
11743
11742
11741
11740
11739
11738
11737
11736
11735
11733
11732
11730
11729
11728
11727
11726
11725
11724
8959
8958
8955
8954
8951
8950
8949
8947
8944
8943
8940
8937
8935
8932
8931
8930
8569
8565
8564
8559
8555
8552
8551
8549
8547
8546
8544
8543
8542
8541
8540
9439
9436
9434
9433
9432
9431
9430
9429
9428
9427
9426
9424
9423
9422
9421
9420
9416
9411
9410
10100
10098
10097
10096
10094
10091
10090
10088
10087
10086
10084
10083
10081
10080
10076
10073
5232
5230
5229
5228
5225
5224
5222
5220
5216
5211
5210
5209
5208
12289
12286
12283
12282
12281
12280
12279
12278
12277
12276
12273
12272
12271
12270
12269
12266
12265
12264
12263
12262
12109
12108
12105
12101
12097
12095
12093
12091
12090
12089
12088
12087
12083
12082
12081
5802
5800
5796
5793
5791
5790
5788
5784
5448
5446
5445
5443
5440
5439
5438
5437
5436
5434
5431
5430
5428
5427
5424
5423
5421
3017
3016
3013
3012
3002
3001
2999
2997
2995
2994
2992
2990
2989
2988
9319
9316
9315
9312
9310
9308
9306
9305
9303
9297
9291
10489
10485
10484
10483
10481
10475
10474
10473
10470
10469
10466
10464
10463
11150
11149
11143
11134
11133
11132
11128
11127
11126
11125
11123
11121
2746
2743
2742
2740
2735
2734
2733
2732
2730
2728
2727
2726
2720
3615
3614
3613
3611
3610
3609
3608
3605
3602
3599
3598
3597
3590
3589
3588
10460
10456
10455
10454
10452
10451
10450
10449
10448
10447
10446
10445
10438
10437
10436
10435
10434
10433
10431
9914
9912
9911
9908
9907
9903
9902
9899
9897
9896
9895
9894
9892
13634
13632
13631
13630
13629
13626
13625
13624
13618
13617
13616
13615
13614
5295
5294
5293
5292
5291
5290
5288
5287
5284
5283
5282
5281
5278
5276
5274
5272
5271
5270
5269
5268
11360
11359
11357
11355
11352
11351
11350
11349
11346
11345
11344
11343
11341
11340
11339
11338
11335
11333
11332
11331
11840
11835
11834
11833
11831
11829
11828
11827
11826
11825
11824
11823
11822
11820
11818
11817
11813
11811
5866
5864
5863
5861
5858
5852
5846
5843
5842
5841
13514
13512
13510
13509
13507
13506
13505
13504
13503
13501
13499
13498
13496
13494
13492
13491
9378
9375
9374
9367
9366
9364
9362
9360
9354
9353
9352
9351
5718
5717
5716
5715
5709
5708
5707
5705
5704
5699
5694
5693
5691
4456
4455
4452
4451
4449
4446
4443
4440
4439
4438
4436
4435
4434
4431
4429
5928
5922
5920
5919
5916
5915
5914
5909
5908
5906
5905
5903
5902
5900
7068
7063
7058
7055
7054
7048
7047
7044
7041
7040
4847
4846
4842
4841
4840
4839
4837
4834
4829
4826
4825
4824
4823
4821
4820
4819
4818
11000
10999
10998
10997
10996
10993
10991
10990
10988
10987
10985
10983
10982
10980
10979
10978
10977
10976
10974
6228
6227
6225
6223
6222
6214
6211
6210
6209
6207
6206
6205
6204
6203
6200
6199
2477
2474
2471
2470
2469
2467
2466
2465
2464
2463
2462
2461
2460
2459
2456
2455
2454
2453
2452
2451
2450
2449
2448
2027
2026
2025
2024
2023
2022
2021
2020
2019
2018
2017
2016
2015
2014
2013
2012
2011
2010
2009
2008
2007
2006
2005
2004
2003
2002
2001
12768
12766
12764
12760
12756
12754
12753
12752
12744
12742
12741
8238
8234
8233
8224
8219
8218
8217
8213
3046
3043
3041
3040
3039
3038
3037
3036
3034
3033
3032
3031
3026
3025
3024
3023
3022
3021
3019
3347
3346
3343
3341
3340
3336
3335
3334
3333
3332
3329
3328
3327
3326
3325
3324
3322
3321
3319
3318
5837
5836
5830
5825
5823
5820
5819
5816
5815
5809
13335
13334
13333
13330
13329
13327
13326
13322
13320
13316
13312
13311
3707
3706
3702
3701
3700
3699
3698
3697
3696
3694
3692
3689
3685
3682
3680
3496
3495
3493
3492
3491
3485
3483
3482
3481
3478
3476
3473
3468
9049
9046
9045
9044
9043
9042
9041
9037
9035
9033
9031
9030
9029
9028
9027
9025
9021
5147
5145
5136
5131
5127
5126
5122
5121
5120
5118
4426
4425
4424
4423
4420
4416
4410
4409
4406
4405
4404
4400
13250
13249
13246
13245
13243
13240
13239
13238
13235
13234
13229
13228
13227
13225
13222
13221
10070
10064
10055
10054
10053
10052
10051
10049
10046
10044
10043
10042
7965
7964
7963
7962
7960
7958
7956
7955
7954
7949
7946
7945
7942
7941
7939
12139
12131
12130
12128
12127
12126
12125
12123
12122
12121
12120
12119
12118
12117
12115
12114
12111
11060
11057
11056
11055
11054
11052
11051
11050
11049
11048
11047
11046
11045
11044
11043
11042
11041
11040
11037
11034
11032
3227
3226
3225
3224
3223
3222
3221
3216
3214
3212
3211
3210
3207
3206
3204
3200
3199
3198
4157
4155
4154
4153
4152
4150
4146
4145
4144
4143
4142
4139
4137
4136
4135
4134
4133
4132
4131
12349
12346
12343
12342
12336
12335
12330
12329
12328
12327
12326
12325
12324
12321
14060
14057
14056
14054
14053
14052
14051
14050
14049
14047
14045
14044
14041
14037
14032
14031
3316
3315
3314
3309
3308
3307
3306
3304
3303
3302
3301
3300
3299
3298
3297
3296
3292
3290
3289
3288
8837
8835
8832
8831
8830
8829
8828
8827
8826
8823
8822
8821
8819
8818
8815
8810
10129
10127
10124
10123
10122
10116
10115
10114
10113
10111
10108
10107
10102
10101
9559
9558
9557
9556
9555
9554
9553
9552
9548
9544
9543
9538
9535
9531
9530
13580
13579
13577
13575
13574
13572
13571
13570
13568
13567
13565
13564
13560
13558
13557
13555
13554
12560
12559
12558
12556
12555
12554
12553
12551
12549
12545
12544
12543
12542
12541
12539
12538
12537
12532
2357
2356
2355
2354
2353
2352
2351
2349
2348
2347
2346
2345
2344
2343
2342
2341
2340
2336
2335
2334
2332
2331
2330
2328
5322
5317
5314
5311
5308
5301
5300
5299
5298
11540
11539
11538
11537
11530
11529
11527
11525
11524
11523
11521
11516
13100
13099
13098
13097
13094
13091
13090
13087
13084
13082
13078
13077
13076
4547
4546
4545
4543
4542
4541
4540
4539
4536
4531
4529
4527
4525
4522
4521
12800
12799
12797
12794
12792
12791
12789
12788
12787
12780
12777
12776
12775
12773
12772
12771
9707
9704
9698
9693
9691
9690
9689
9688
9687
9686
9685
9684
6828
6827
6822
6820
6819
6818
6817
6815
6813
6812
6811
6810
6809
6808
6806
6805
6803
6802
6801
3526
3522
3521
3519
3516
3515
3514
3513
3511
3508
3507
3506
3505
3502
3501
3499
10518
10515
10513
10504
10503
10501
10500
10499
10497
10496
10495
10494
2267
2265
2261
2260
2259
2257
2256
2253
2252
2251
2250
2249
2248
2247
2246
2245
2243
2239
5087
5085
5084
5083
5081
5080
5079
5078
5077
5076
5075
5074
5072
5068
5067
5064
5062
5061
5059
5058
6138
6137
6132
6131
6128
6126
6125
6124
6123
6122
6120
6119
6117
6115
6112
5478
5475
5474
5473
5472
5468
5467
5465
5464
5459
5458
5457
5455
5454
5452
5450
10250
10248
10245
10241
10240
10237
10231
10230
10228
10227
10226
10224
10223
10221
10700
10699
10698
10694
10691
10690
10689
10686
10685
10683
10682
10679
10677
10675
10674
10673
10672
10671
12230
12229
12228
12227
12226
12225
12222
12215
12213
12210
12209
12207
12206
12205
12204
12203
12202
12201
5027
5026
5018
5017
5015
5010
5009
5005
5004
5000
7248
7237
7234
7233
7226
7225
7224
7219
10575
10574
10572
10566
10565
10560
10556
3107
3106
3105
3104
3099
3094
3092
3091
3090
3089
3087
3084
3082
3079
3078
6106
6104
6103
6101
6099
6097
6096
6095
6093
6092
6090
6086
6082
6081
6080
4247
4243
4236
4232
4230
4227
4226
4225
4224
4221
4220
4219
7668
7666
7663
7662
7660
7659
7655
7651
7646
7643
7642
8689
8687
8678
8677
8676
8673
8671
8670
8668
7128
7125
7124
7118
7117
7115
7109
7105
7104
7103
7101
7100
2086
2085
2080
2079
2078
2077
2076
2075
2074
2072
2070
2068
2067
2066
2065
2064
2063
2062
2061
2058
3797
3796
3795
3794
3793
3792
3790
3789
3788
3787
3784
3781
3779
3775
3774
3772
3771
3770
3769
3768
7848
7838
7836
7833
7826
7825
7824
7821
6345
6343
6341
6339
6338
6337
6336
6332
6330
6329
6322
13309
13308
13307
13306
13305
13304
13303
13302
13301
13300
13299
13298
13291
13289
13288
13287
13286
13285
13284
13283
13281
9529
9525
9524
9522
9519
9517
9516
9513
9511
9510
9508
9507
9504
9503
9502
9500
3133
3131
3126
3123
3122
3115
3113
3112
6525
6524
6523
6517
6515
6508
2806
2805
2803
2802
2800
2799
2797
2795
2794
2793
2792
2791
2790
2787
2786
2785
2780
2778
4088
4087
4085
4084
4083
4078
4077
4075
4074
4073
4072
4071
4070
4069
4068
10006
10005
10004
10002
9999
9998
9996
9991
9990
9989
9986
9983
8326
8324
8323
8317
8314
8306
8305
8301
2777
2774
2773
2764
2763
2762
2755
2753
2752
2751
9227
9224
9213
9210
9206
9201
11178
11175
11173
11171
11164
11159
11156
11155
13070
13068
13062
13061
13060
13059
13058
13055
13052
13046
13044
13043
7427
7426
7419
7417
7414
7412
7410
7403
8386
8384
8381
8379
8378
8377
8376
8374
8373
8372
8371
8369
8368
8367
8366
8365
8364
8363
8362
8361
7455
7454
7453
7452
7451
7450
7448
7447
7444
7443
7442
7438
7434
7431
2985
2984
2983
2980
2977
2969
2964
2963
2962
2959
2958
8146
8143
8142
8141
8138
8136
8135
8134
8133
8132
8129
8128
8127
8126
8122
8121
8120
2417
2415
2413
2412
2411
2410
2407
2406
2405
2404
2400
2399
2398
2396
2395
2394
2393
2392
2391
2390
2389
2388
10790
10789
10784
10783
10782
10780
10776
10773
10772
10766
10763
10762
7605
7604
7603
7600
7598
7596
7592
7591
7590
7589
7588
7587
7585
7584
7583
11239
11236
11230
11229
11224
11220
11219
11218
11214
11213
11212
7548
7546
7545
7539
7537
7536
7530
7526
7523
7520
6168
6167
6166
6165
6164
6161
6157
6154
6149
6148
6147
6146
6145
6144
6143
6141
6139
13788
13784
13783
13780
13779
13778
13775
13774
13773
13771
13770
13769
13768
13767
13766
13765
13763
13762
13761
5958
5957
5956
5953
5951
5950
5949
5948
5947
5945
5944
5942
5939
5936
5935
5934
5933
5931
5929
11480
11478
11477
11472
11466
11465
11457
11455
11454
11453
11452
9499
9498
9497
9495
9493
9492
9490
9487
9484
9482
9481
9480
9479
9477
9473
9472
9470
12707
12706
12704
12703
12701
12700
12699
12698
12695
12689
12687
12686
12682
6858
6857
6854
6853
6850
6849
6845
6840
6839
6834
6833
6831
6829
4067
4066
4065
4064
4063
4062
4061
4060
4059
4058
4057
4056
4055
4053
4052
4051
4048
4043
4041
4039
11420
11419
11418
11416
11415
11414
11413
11412
11409
11403
11401
11400
11392
9254
9253
9252
9251
9249
9247
9244
9243
9242
9235
9234
9232
8986
8984
8982
8981
8980
8978
8977
8974
8973
8972
8970
8968
8962
8961
8960
13490
13489
13487
13486
13483
13482
13481
13480
13479
13478
13477
13476
13474
13473
13472
13471
13470
13469
13468
13467
13462
13698
13694
13692
13690
13689
13688
13686
13685
13683
13682
13681
13679
13678
13676
13674
13671
4217
4213
4211
4210
4209
4206
4205
4204
4202
4201
4200
4199
4198
4197
4196
4195
4194
4192
3466
3464
3462
3459
3457
3455
3453
3451
3449
3448
3447
3446
3445
3444
3443
3440
3438
4967
4966
4965
4964
4963
4961
4958
4957
4956
4955
4954
4952
4951
4950
4949
4947
4946
4945
4944
4943
4940
4939
9797
9795
9794
9793
9792
9790
9789
9788
9787
9784
9783
9781
9780
9778
9776
9774
4727
4723
4722
4720
4719
4718
4717
4716
4711
4708
4707
4706
4698
2654
2653
2652
2651
2650
2649
2648
2647
2646
2645
2642
2641
2636
2635
12950
12948
12944
12943
12940
12939
12938
12937
12936
12934
12932
12931
12930
12929
12928
12927
12926
12923
12922
8116
8115
8113
8112
8111
8110
8108
8107
8100
8098
8096
8093
8092
8089
9889
9883
9880
9879
9878
9876
9872
9869
9866
9864
9863
13430
13429
13425
13424
13423
13422
13421
13420
13419
13418
13417
13416
13415
13412
13411
13406
13404
13403
2056
2055
2054
2053
2052
2051
2050
2049
2048
2047
2042
2041
2040
2039
2038
2037
2036
2035
2034
2033
2032
2031
2030
2029
2028
2506
2505
2504
2503
2500
2499
2497
2496
2495
2494
2489
2487
2486
2485
2483
2481
2480
2479
2478
11779
11777
11770
11769
11768
11767
11766
11765
11764
11763
11762
11761
11760
11759
11756
11755
11754
11751
4636
4635
4634
4633
4631
4630
4628
4627
4622
4620
4619
4618
4617
4615
4614
4612
4609
4608
3287
3285
3284
3280
3279
3278
3277
3275
3274
3273
3272
3271
3270
3269
3268
3262
3261
10818
10817
10815
10812
10811
10810
10809
10807
10806
10799
10798
10796
10794
10793
10792
10791
7037
7035
7034
7030
7029
7028
7027
7026
7025
7024
7023
7022
7021
7020
7019
7016
7015
7014
11087
11085
11083
11080
11078
11077
11075
11074
11073
11072
11071
11070
11069
11068
11067
11066
11064
11063
11062
11061
10398
10396
10395
10394
10390
10389
10387
10382
10379
10378
10374
2893
2892
2889
2888
2885
2884
2883
2882
2880
2877
2875
2874
2872
2871
2870
2869
3947
3942
3940
3934
3931
3927
3925
3924
3923
3919
3918
7218
7214
7213
7209
7208
7207
7206
7202
7200
7199
7198
7195
7997
7995
7994
7993
7991
7988
7977
7975
7973
7971
7969
11865
11861
11860
11857
11851
11850
11849
11848
11846
11845
11844
11843
14000
13999
13994
13992
13989
13988
13987
13985
13984
13983
13981
13980
13978
13977
13976
13975
13971
4035
4034
4033
4032
4029
4028
4027
4026
4025
4024
4020
4013
4012
4010
9647
9645
9643
9642
9641
9631
9630
9629
9626
9625
9624
5777
5776
5775
5774
5773
5770
5765
5761
5755
5754
5753
5750
9349
9348
9345
9343
9336
9335
9331
9329
9326
9322
9320
3197
3196
3195
3190
3189
3188
3186
3185
3183
3181
3179
3178
3177
3174
3168
13907
13898
13896
13893
13889
13888
5358
5351
5350
5349
5347
5338
5336
5333
5332
11509
11508
11507
11506
11505
11503
11502
11495
11494
11493
11492
11491
11490
11489
11488
11481
6558
6554
6548
6547
6545
6540
6538
6530
6529
10220
10219
10218
10217
10212
10209
10207
10204
10202
10200
10198
10197
10195
10194
10192
4390
4389
4388
4387
4385
4382
4381
4380
4379
4378
4372
4368
13279
13277
13274
13272
13268
13267
13266
13264
13262
13261
13260
13257
13256
13254
13252
13251
6491
6484
6481
6480
6478
6476
6475
6469
2206
2205
2204
2201
2200
2199
2198
2197
2196
2195
2194
2193
2192
2191
2190
2189
2188
2187
2186
2185
2184
2183
2182
2181
2180
2179
2178
6648
6646
6642
6639
6637
6636
6635
6633
6631
6630
6629
6625
6624
6622
6620
6619
8205
8197
8194
8189
8188
8185
8184
8182
8181
8180
13850
13846
13844
13843
13841
13840
13839
13837
13836
13835
13832
13829
13827
13826
13825
13823
13821
13759
13755
13754
13753
13752
13751
13750
13748
13747
13746
13744
13743
13742
13741
13739
13735
13731
5748
5747
5746
5745
5744
5743
5741
5740
5739
5738
5736
5734
5730
5729
5727
5726
5725
5724
5723
5719
7698
7697
7694
7690
7689
7688
7685
7684
7682
7680
7677
7676
7675
7673
7672
7670
7669
2106
2105
2104
2103
2099
2097
2096
2093
2092
2091
2090
2089
2088
13189
13188
13187
13184
13183
13182
13179
13177
13173
13170
13169
13167
13163
6288
6286
6285
6278
6277
6276
6275
6273
6272
6270
6269
6264
6263
6260
8597
8596
8595
8593
8592
8591
8588
8587
8584
8578
8573
8571
8570
14030
14029
14027
14024
14022
14020
14019
14018
14016
14015
14013
14012
14011
14009
14008
14003
14002
14001
13939
13937
13936
13929
13928
13923
13922
13920
13919
13918
13915
2716
2711
2710
2709
2708
2704
2703
2702
2700
2697
2696
2695
2694
2693
2690
2689
2688
6466
6465
6464
6461
6460
6457
6454
6449
6448
6447
6445
6444
6443
6439
3767
3766
3765
3764
3763
3760
3759
3757
3756
3755
3754
3753
3751
3750
3749
3748
3747
3746
3745
6977
6976
6975
6974
6971
6970
6969
6968
6967
6961
6956
6955
6954
6953
6952
6951
11569
11568
11566
11553
11552
11548
11546
11541
13220
13216
13212
13209
13207
13206
13200
13199
13197
13192
11388
11387
11385
11384
11383
11378
11371
11366
11365
11362
7092
7087
7086
7084
7083
7082
7080
7078
7077
7076
7074
8778
8775
8772
8767
8764
8763
8758
8757
8755
8751
8750
6258
6254
6251
6249
6247
6246
6245
6242
6241
6240
6237
6236
6235
6234
6233
6232
6229
12979
12978
12965
12964
12963
12962
12961
12959
12958
12957
12956
12954
12952
2926
2923
2922
2921
2918
2916
2913
2910
2907
2906
2902
2901
2900
2899
2898
10160
10159
10158
10157
10155
10150
10149
10147
10146
10140
10139
10138
10137
10136
10135
10132
9169
9167
9166
9165
9164
9163
9161
9160
9158
9157
9156
9155
9154
9153
9149
9146
9145
9142
9975
9966
9965
9964
9962
9960
9957
9955
9954
9953
9952
10970
10969
10967
10966
10962
10958
10954
10953
10952
10951
10950
10949
10945
10944
10941
11449
11446
11444
11442
11440
11439
11438
11437
11433
11432
11430
11429
11427
11425
6887
6886
6883
6882
6881
6879
6869
6867
6865
6864
6863
6862
6860
6859
6408
6407
6406
6405
6404
6403
6402
6401
6400
6395
6393
6389
6386
6385
6384
6383
6380
7637
7636
7632
7630
7629
7628
7627
7625
7624
7622
7621
7620
7615
7614
7613
7612
7610
2387
2386
2385
2384
2383
2382
2381
2380
2379
2378
2375
2374
2373
2372
2371
2370
2365
2364
2363
2362
2361
2360
2359
2358
2619
2618
2617
2616
2615
2613
2609
2608
2607
2605
2604
2601
2599
2598
5205
5204
5203
5202
5201
5200
5195
5193
5183
5179
9409
9405
9404
9403
9401
9399
9393
9392
9391
9388
9385
9383
9382
9381
9380
9617
9616
9614
9613
9612
9609
9608
9604
9603
9602
9601
9598
9594
9592
9591
11027
11026
11022
11020
11011
11010
11007
11003
7485
7484
7481
7478
7474
7473
7472
7470
7469
7466
7464
7459
9468
9466
9461
9456
9455
9451
9449
9446
9443
9440
8419
8414
8407
8406
8404
8403
8396
3167
3166
3163
3160
3159
3157
3156
3154
3153
3152
3149
3148
3142
3139
4877
4876
4875
4874
4873
4871
4870
4869
4868
4866
4865
4863
4862
4861
4859
4856
4851
4850
4849
4848
11690
11689
11688
11685
11684
11683
11682
11681
11678
11677
11675
11674
11668
11667
11665
11664
11663
11662
11661
2597
2594
2593
2592
2591
2590
2587
2586
2585
2583
2582
2578
2577
2576
2575
2574
2572
2571
2570
2569
2568
12740
12738
12736
12735
12734
12733
12727
12725
12724
12723
12722
12721
12720
12718
12717
12715
12714
13968
13967
13964
13963
13962
13960
13959
13956
13955
13954
13953
13951
13950
13949
13948
13947
13945
3076
3075
3073
3064
3062
3055
3054
3053
3049
9287
9286
9285
9281
9277
9276
9275
9271
9269
9268
9266
9265
9261
10426
10424
10419
10416
10415
10413
10408
10403
10402
4607
4606
4605
4604
4603
4602
4601
4599
4598
4597
4596
4595
4594
4593
4591
4590
4589
4588
4587
4586
4585
4584
4583
4582
4581
4580
4578
11116
11115
11109
11107
11106
11103
11101
11100
11099
11096
11092
8297
8294
8291
8287
8281
8280
8278
8276
8274
8272
8270
8269
4336
4335
4334
4333
4329
4325
4324
4323
4322
4320
4319
4318
4316
4314
4312
4311
4310
4309
4308
