255
242
235
230
229
226
223
222
217
215
213
206
205
204
203
48
45
43
40
38
34
33
32
29
28
27
26
167
166
164
163
160
159
156
154
152
149
148
144
141
738
736
735
734
733
732
730
729
728
724
720
719
716
715
712
710
709
677
675
673
671
670
667
661
657
655
654
653
652
651
650
497
495
494
491
490
489
488
486
485
481
480
479
473
857
855
853
852
851
847
846
842
840
837
834
831
830
588
587
585
581
580
579
577
576
573
570
568
567
565
564
562
561
438
437
435
434
431
429
425
423
421
416
413
410
617
616
615
611
610
608
607
604
600
599
593
590
589
793
792
788
785
784
782
781
778
772
771
770
377
376
375
374
373
371
370
369
368
367
366
365
364
363
362
360
359
358
356
355
354
353
708
705
704
703
702
699
697
696
692
691
690
689
682
680
679
829
826
824
822
820
819
817
816
815
813
812
811
808
807
803
136
135
131
128
127
124
122
121
117
116
114
113
112
111
109
919
915
914
913
912
910
907
906
905
903
902
899
890
408
405
404
403
402
400
398
397
396
392
391
389
386
383
382
381
380
379
318
315
314
313
312
308
303
302
299
296
290
286
285
283
282
281
280
279
277
274
273
271
270
266
264
263
260
888
885
884
881
878
876
875
874
873
871
863
644
643
638
637
636
635
632
631
630
628
626
624
768
766
765
760
753
752
751
750
748
747
746
745
743
741
740
739
347
341
339
337
333
329
327
326
325
324
558
555
554
553
551
549
548
545
542
541
540
535
534
533
531
530
525
520
518
513
511
508
505
503
502
501
499
197
193
189
188
184
181
180
178
174
173
170
468
467
466
461
460
459
454
452
444
443
442
77
76
73
71
70
65
61
59
58
57
56
54
53
51
50
49
16
12
11
10
9
7
5
4
1
107
106
104
102
101
98
97
96
95
94
93
90
89
87
86
85
84
83
82
79
