637
634
633
632
631
630
629
628
627
626
625
624
622
621
619
618
617
615
613
612
611
610
667
666
665
664
660
659
657
656
655
653
651
650
649
648
647
646
644
643
642
641
640
639
638
1086
1085
1084
1081
1080
1079
1076
1075
1074
1073
1072
1071
1070
1069
1068
1067
1066
1065
1064
1062
1061
1059
1058
1267
1265
1262
1261
1259
1257
1256
1255
1254
1253
1252
1251
1250
1249
1248
1247
1246
1245
1243
1240
1056
1055
1054
1053
1052
1051
1050
1049
1048
1047
1045
1044
1043
1042
1041
1038
1036
1035
1034
1032
1031
1030
1029
1028
1027
1026
1025
1024
1022
1021
1020
1019
1017
1016
1015
1014
1012
1010
1009
1008
1007
1006
1004
1003
1002
1001
367
366
363
362
357
356
353
352
351
350
348
347
346
345
342
340
339
817
816
815
814
813
812
811
810
809
808
807
806
805
804
802
798
797
796
795
794
793
792
791
789
788
487
486
485
484
483
480
479
478
477
476
473
472
471
470
465
464
463
462
460
458
787
786
785
784
783
782
781
780
779
778
777
775
771
770
769
767
766
765
763
761
760
759
758
907
905
904
903
902
901
900
899
898
896
895
893
892
891
890
889
888
887
886
885
883
882
881
880
879
878
1147
1146
1144
1139
1138
1137
1136
1135
1133
1132
1131
1129
1127
1126
1124
1123
1122
1120
1119
1118
607
604
603
602
600
599
598
594
592
589
579
578
126
118
116
112
111
110
108
107
106
105
104
103
102
101
100
99
98
246
243
238
236
234
232
230
228
225
222
221
220
219
66
65
64
63
62
61
60
59
57
56
55
54
53
52
51
50
47
46
45
44
43
41
40
39
38
277
274
273
271
268
267
266
264
263
258
256
255
254
253
252
251
250
457
456
455
454
453
452
450
449
448
447
446
445
444
441
440
437
436
432
431
430
429
428
151
150
147
146
141
135
132
307
304
303
301
300
299
298
296
295
294
293
292
291
288
286
285
284
283
281
280
279
97
96
95
94
93
92
91
90
89
88
87
86
85
82
81
80
79
78
77
76
74
73
72
71
1117
1116
1115
1114
1113
1112
1109
1107
1105
1104
1099
1098
1097
1096
1095
1093
1092
1091
1233
1232
1231
1229
1228
1227
1226
1225
1224
1221
1220
1219
1218
1217
1215
1214
1213
1209
1208
396
394
393
392
391
387
386
382
381
380
378
376
375
374
371
370
369
368
877
876
875
874
873
871
870
869
868
866
865
864
863
862
861
860
859
858
857
856
855
854
853
852
851
850
849
848
577
575
574
573
572
571
570
569
568
567
566
565
564
561
559
558
557
556
555
554
553
552
551
550
548
516
515
514
513
512
511
510
509
508
507
506
505
503
501
500
499
496
495
494
493
492
491
490
489
488
967
966
965
964
963
962
961
960
959
958
954
953
951
950
949
948
946
945
943
942
941
940
939
938
1177
1175
1174
1173
1172
1171
1170
1167
1166
1165
1164
1163
1161
1160
1159
1158
1157
1155
1154
1150
1149
1207
1206
1205
1204
1203
1202
1201
1200
1199
1198
1197
1196
1195
1194
1193
1192
1191
1190
1189
1188
1187
1185
1184
1182
1181
1180
1179
1178
336
334
332
331
330
329
328
327
326
323
322
320
319
318
317
316
315
314
313
312
311
310
427
426
425
424
423
422
421
420
417
416
415
414
412
410
408
407
406
402
400
399
727
726
725
724
723
722
721
720
719
718
716
715
714
713
712
711
710
709
708
707
706
705
704
703
701
699
217
215
213
210
203
202
201
199
197
195
194
192
190
982
981
980
978
973
972
971
970
969
968
757
756
754
753
752
750
749
748
747
746
745
744
743
742
740
739
738
737
735
734
733
732
731
730
729
728
37
36
35
34
33
32
31
30
29
27
26
25
24
23
22
21
20
19
17
16
14
13
12
8
547
546
545
544
543
541
538
537
535
532
530
529
528
527
526
525
524
523
522
521
520
519
518
937
936
935
934
933
932
931
930
929
928
927
926
925
924
923
919
917
914
913
910
909
908
697
696
695
694
693
691
690
689
688
687
686
685
683
682
681
680
679
678
677
676
675
671
670
668
186
179
172
171
167
165
164
159
847
846
845
844
843
842
841
840
839
838
837
836
835
834
833
832
828
827
824
823
822
821
818
