2019
2018
2017
2016
2015
2013
2011
2009
2007
2006
2003
2001
1998
1995
1994
1993
789
788
787
786
782
781
780
779
778
773
772
771
770
769
768
767
766
764
763
761
1210
1205
1203
1202
1201
1200
1199
1196
1195
1193
1192
1191
1190
1189
1185
1183
1182
1181
430
429
428
427
426
424
423
420
419
418
417
416
415
414
413
412
410
409
408
407
406
405
404
402
1030
1029
1028
1027
1026
1019
1018
1016
1014
1013
1012
1011
1010
1009
1007
1005
1003
1002
1001
220
218
217
216
215
213
212
211
210
207
205
204
200
199
197
196
195
193
1840
1839
1837
1835
1833
1831
1830
1829
1828
1826
1825
1822
1819
1817
1816
1815
1814
1813
1812
1811
1300
1296
1294
1291
1289
1285
1278
1273
190
188
187
182
181
179
178
175
171
170
169
168
167
166
165
162
161
1540
1539
1538
1537
1535
1533
1531
1530
1528
1527
1525
1524
1523
1522
1519
1518
1516
1515
1514
1513
1512
1511
1059
1058
1055
1054
1053
1052
1051
1050
1049
1048
1047
1046
1045
1044
1043
1042
1040
1039
1038
1036
1035
1034
1031
250
248
247
246
244
243
242
241
240
239
238
237
235
234
233
232
231
230
229
227
226
225
223
490
489
485
484
483
482
480
479
478
477
476
475
474
472
471
470
469
466
465
462
1779
1778
1776
1775
1774
1773
1769
1766
1765
1764
1762
1761
1759
1758
1757
1756
1754
1753
1751
1420
1417
1416
1415
1414
1413
1412
1411
1407
1406
1405
1403
1402
1401
1398
1397
1394
1393
1392
1238
1237
1236
1234
1233
1232
1231
1230
1228
1227
1226
1224
1223
1222
1221
1219
1218
1216
1215
1214
1213
730
729
728
726
725
723
722
721
719
718
717
714
713
712
710
709
708
707
706
704
703
1480
1479
1478
1473
1472
1471
1470
1469
1467
1466
1465
1464
1463
1461
1460
1459
1457
1456
1455
1453
1451
310
308
306
305
304
303
302
301
300
299
298
297
295
294
293
291
290
289
288
287
285
284
283
281
99
98
94
92
89
88
87
86
83
82
81
79
77
76
74
73
939
937
932
931
929
928
927
926
925
924
922
921
920
919
918
917
916
915
914
913
912
911
2110
2109
2102
2100
2099
2095
2090
2086
2083
2082
2081
880
879
878
876
875
873
872
871
870
867
866
865
864
863
861
860
859
857
856
855
854
852
851
700
699
698
697
695
694
693
691
690
689
686
685
684
683
682
681
679
678
677
676
675
674
673
672
671
1180
1179
1178
1176
1175
1174
1171
1168
1167
1165
1164
1163
1161
1158
1155
1154
1153
1152
1151
1899
1898
1897
1895
1894
1893
1890
1889
1888
1887
1884
1883
1882
1881
1880
1879
1878
1877
1876
1873
1989
1988
1985
1982
1978
1976
1975
1974
1970
1969
1968
1967
1965
1963
1961
1150
1149
1148
1147
1146
1143
1142
1141
1140
1138
1137
1136
1135
1134
1133
1132
1131
1130
1129
1128
1126
1125
1124
1122
1121
1360
1359
1358
1355
1351
1350
1349
1347
1346
1344
1343
1342
1341
1337
1336
1335
1334
1750
1749
1747
1746
1744
1741
1740
1738
1737
1736
1730
1728
1727
1726
1724
1723
1721
1450
1449
1448
1446
1444
1441
1440
1439
1438
1437
1435
1434
1433
1432
1430
1429
1428
1427
1426
1424
1422
1421
1330
1325
1323
1318
1317
1316
1315
1314
1310
1309
1308
1307
1306
1305
1304
1303
1302
1000
999
998
997
996
995
994
993
991
990
988
986
985
984
981
979
978
975
974
972
971
459
457
456
455
454
453
452
450
449
448
447
446
445
444
443
442
441
439
438
437
435
434
433
431
160
159
157
156
155
154
153
152
151
150
149
148
147
143
142
140
139
138
135
133
131
1510
1509
1507
1505
1504
1503
1501
1497
1493
1492
1490
1489
1487
1485
1484
1483
1482
1481
910
909
908
906
905
904
903
902
900
899
898
895
893
892
891
890
889
888
887
886
885
884
882
367
366
365
364
363
361
359
358
356
354
353
352
351
350
349
348
347
345
344
342
341
759
758
757
756
755
754
753
752
751
750
749
748
747
743
742
741
740
739
738
736
735
549
547
545
544
542
540
539
538
537
536
535
533
532
531
530
529
523
522
521
2139
2138
2137
2135
2133
2132
2131
2129
2121
2119
2116
2114
2113
2111
640
639
638
637
636
635
634
633
632
631
630
629
628
627
626
625
624
623
622
621
620
619
618
617
616
615
614
613
612
611
2080
2079
2078
2077
2076
2075
2073
2072
2069
2068
2066
2065
2064
2063
2062
2059
2058
2057
2056
2055
2054
2053
2052
2051
970
968
967
964
963
959
958
957
955
954
951
947
945
944
943
941
40
39
38
36
35
34
33
32
31
29
28
27
26
24
23
22
21
20
18
17
16
14
13
12
11
1660
1659
1658
1657
1656
1655
1654
1651
1650
1648
1646
1645
1644
1643
1642
1638
1637
1636
1635
1634
1631
130
129
128
127
126
125
124
123
122
121
120
118
117
116
115
114
113
112
105
103
1090
1089
1088
1087
1085
1079
1078
1076
1075
1073
1072
1071
1069
1068
1067
1066
1065
1063
1062
670
669
667
666
665
664
663
662
658
657
656
655
654
653
652
651
650
649
646
645
644
643
642
520
518
517
516
513
512
509
504
499
498
496
493
492
491
820
819
818
811
810
809
808
802
801
799
797
796
795
794
792
791
1870
1866
1864
1863
1862
1861
1860
1859
1858
1855
1854
1853
1852
1851
1850
1848
1847
1846
1845
1844
1843
1841
1388
1385
1383
1380
1378
1372
1371
1370
1369
1366
1365
1363
1362
1361
1120
1118
1117
1115
1111
1110
1109
1108
1106
1105
1103
1101
1100
1097
1096
1095
1092
1091
1268
1267
1265
1263
1261
1260
1259
1258
1257
1256
1255
1254
1252
1251
1250
1249
1247
1246
1244
1241
280
279
278
276
275
273
272
271
270
269
268
267
266
265
264
262
261
260
259
258
257
256
255
254
253
252
251
1570
1569
1567
1566
1565
1564
1563
1562
1559
1558
1557
1556
1555
1554
1552
1551
1549
1548
1547
1546
1545
1544
1543
1542
1929
1926
1925
1924
1923
1922
1920
1917
1916
1915
1914
1913
1912
1911
1910
1909
1907
2050
2047
2046
2043
2039
2037
2035
2031
2030
2029
2028
2027
2025
2023
2022
2021
1720
1718
1717
1716
1715
1714
1713
1712
1711
1710
1706
1704
1703
1701
1700
1699
1698
1697
1695
1694
1693
1692
1691
1960
1959
1958
1957
1956
1955
1954
1953
1952
1951
1949
1948
1947
1946
1945
1944
1942
1937
1936
1935
1933
1600
1599
1598
1597
1596
1594
1593
1592
1591
1590
1589
1588
1586
1584
1583
1582
1580
1578
1576
1575
1573
1572
1571
1810
1809
1808
1807
1806
1804
1803
1802
1801
1798
1796
1795
1793
1792
1790
1789
1788
1787
1786
1785
1783
1781
338
337
336
335
334
332
330
329
328
327
326
325
324
323
322
321
320
319
318
316
312
311
610
609
608
607
606
605
604
602
599
598
597
596
595
594
592
591
590
589
588
587
586
585
584
583
581
70
69
67
66
65
64
63
61
60
59
58
57
56
55
54
53
52
51
50
49
48
47
46
45
44
43
42
41
580
579
578
577
576
575
574
572
571
570
569
568
567
564
563
561
559
558
557
556
554
553
552
551
400
399
398
397
396
395
394
392
391
388
387
386
385
384
383
382
381
380
379
376
375
374
1629
1628
1627
1626
1625
1624
1623
1622
1621
1620
1619
1618
1616
1615
1614
1613
1611
1610
1609
1608
1607
1606
1605
1603
1690
1689
1688
1687
1685
1684
1682
1681
1680
1679
1678
1674
1671
1670
1667
1666
1664
1662
848
847
846
845
844
843
839
837
832
831
830
828
827
826
825
823
822
821
